"ID"	"S01"	"S02"	"S03"	"S04"	"S05"	"S06"
"HKB0004_3006_T"	0.493415878569404	6.78413396964265e-15	0.000768802279017449	0.198657994580757	0.0418547387084777	9.4862653389243e-05
"HKB0005_3001_T"	0.307303072235555	7.35063660004944e-15	0.0427523321506226	0.293161789483496	0.0816329376530818	0.00533818844425867
"HKB0006_3006_T"	0.0177936604758293	8.08777765872752e-15	0.00154373964763736	8.08777765872752e-15	0.093003726627471	0.358453307431012
"HKB0007_3005_T"	0.0791960425310208	9.92215969464816e-15	0.136603963787836	0.275308557446953	0.297632723468547	0.0569025918891295
"HKB0008_3006_T"	0.00984524148197469	1.26715489306079e-14	0.374095580060066	0.0989353067937302	0.296195567153387	0.183461141577054
"HKB0016_3006_T"	1.04866867383111e-14	1.04866867383111e-14	0.148122532818606	0.190888142922158	0.203074244732417	0.183876347464529
"HKB0019_3006_T"	0.342678332600166	8.48305800761375e-15	0.116502807314056	0.238063485208233	0.00270043902080322	8.48305800761375e-15
"HKB0023_3006_T"	0.179166447973088	1.13136852962542e-14	0.387581129198037	0.0285530153853966	0.363124285924557	0.00848335308348461
"HKB0031_3001_T"	1.00663691354217e-14	1.00663691354217e-14	0.0129006389379937	0.047365977528129	0.149446736095237	0.303220771232238
"HKB0033_3006_T"	0.00721565962806122	1.29774858749091e-14	0.296667198393985	1.29774858749091e-14	0.100050322969403	0.384015926612026
"HKB0035_3006_T"	9.11825118936119e-15	9.11825118936119e-15	9.11825118936119e-15	0.0727129505208628	0.032964687448935	0.311800589748257
"HKB0036_3006_T"	0.28128999810682	8.307597620534e-15	0.0913350040112954	0.344189287583647	8.307597620534e-15	0.0276105634504911
"HKB0038_3006_T"	0.167453854357104	1.04922187207789e-14	0.411254425022472	0.155479887838612	0.118004836817135	0.0622329034768743
"HKB0040_3002_T"	0.0755776894356939	7.89698425357966e-15	7.89698425357966e-15	0.72534177376135	0.101205480759314	2.52716066100423e-12
"HKB0044_3006_T"	0.190223059630007	8.52091162316774e-15	8.52091162316774e-15	0.350963403645693	0.18795648842846	8.52091162316774e-15
"HKB0049_3006_T"	0.00310656840286993	0.00568373306037469	0.342787334996182	0.0985445186282412	0.275646048870334	0.196248523246789
"HKB0050_3005_T"	9.56212951135444e-15	9.56212951135444e-15	0.00311311653091459	0.364269016279567	0.0991033248228025	0.049315531403064
"HKB0052_3000_T"	0.120354217712326	0.0278509229357722	0.280552641922725	0.0620923768256752	0.322752868113874	0.127899518792576
"HKB0054_3000_T"	0.0901166697714641	0.0597423460428087	0.165304136326662	0.353259254062928	0.186432044385172	0.000251260306987597
"HKB0056_3002_T"	0.215313836483607	7.35977798794205e-15	7.35977798794205e-15	0.466841380332845	0.0304101360290535	0.0297923234782782
"HKB0064_3004_T"	0.0333557492299245	0.0881478162637358	0.266492945023216	0.131869236341759	0.221446955391847	0.10110771211652
"HKB0065_3006_T"	0.374822634756172	7.46785426064393e-15	0.111859130348575	0.275916522003125	7.46785426064393e-15	3.10248370437613e-13
"HKB0067_3006_T"	1.19153829886833e-14	1.19153829886833e-14	0.0758953097101585	0.227568675503901	0.247618669706924	0.186687176328729
"HKB0069_3000_T"	0.119576127244274	1.05398896250362e-14	0.0329466262904978	0.554643156623752	0.139892798209359	0.0135107373709071
"HKB0070_3002_T"	0.0715266802206161	1.75352328649389e-13	0.0238279387555943	0.17202570748649	0.319528209061585	0.0823932007623595
"HKB0074_3000_T"	0.210385019477881	0.341755138354205	0.123698657835928	0.0274611555091095	0.232921005258212	0.0632533903550634
"HKB0078_3000_T"	0.0234080746663574	1.09538330265438e-14	0.0898029695693289	1.09538330265438e-14	0.170114808508745	0.305401085453149
"HKB0079_3006_T"	0.173728429756219	9.79029391408133e-15	0.0264970600828653	0.518515604715352	0.130366870400226	1.5687607074508e-08
"HKB0080_3006_T"	0.000513218041773953	8.67682171572179e-15	0.0199623825476317	8.67682171572179e-15	0.17134041082617	0.23662318286402
"HKB0082_3006_T"	0.0678979683947443	8.45051971977202e-15	0.00836520500386545	0.574541318470447	0.122279403046805	0.0108291564513061
"HKB0084_3000_T"	0.294466817721737	8.0528754283878e-15	0.111267012378418	0.349520273923157	8.0528754283878e-15	0.0149778799166454
"HKB0086_3006_T"	0.0589653651858456	1.23890211246089e-14	0.342213100152587	0.0515895799127571	0.278333970185005	0.131977312399319
"HKB0088_3000_T"	0.10860213983399	1.12050825267404e-14	0.327303974622088	0.163161839702733	0.302031172506929	0.0267981741587917
"HKB0089_3001_T"	0.0701426436209778	4.76963361584221e-09	0.0232650986456403	0.18145123871182	0.248842036398015	0.173953069315484
"HKB0091_3001_T"	0.209153018929488	8.20170294201339e-15	0.0544804273083749	0.416893744634396	8.20170294201339e-15	0.0785714722740532
"HKB0092_3000_T"	0.196829400326803	9.89495035554178e-15	0.0296431125794735	0.107965773990344	0.310927227589111	0.138193888285376
"HKB0094_3006_T"	0.0195650156237135	1.15865187534836e-14	0.00248504329330917	0.0259028100840336	0.2511111297809	0.203099635158365
"HKB0096_3001_T"	6.82036097307334e-15	6.82036097307334e-15	6.82036097307334e-15	6.82036097307334e-15	0.107776653330451	0.127487147096306
"HKB0097_3000_T"	0.0135726989576713	1.20153020662475e-14	1.20153020662475e-14	1.20153020662475e-14	0.139403628711428	0.169055691624951
"HKB0098_3005_T"	0.134676832916327	1.13533191873976e-14	0.236166189766378	0.249295995152876	0.249513173203569	0.0541398742686091
"HKB0100_3006_T"	0.0897562060486216	7.51541374115835e-15	0.108687357521871	0.00379433718368633	0.067926122391486	0.0937946053916634
"HKB0101_3000_T"	1.20787205940463e-14	1.20787205940463e-14	0.217451588867614	0.0108131145736417	0.176055841073709	0.372910791541939
"HKB0102_3006_T"	1.28964247597211e-14	1.28964247597211e-14	0.021291532405877	4.60661243538292e-14	0.165082087249405	0.319604602576773
"HKB0104_3006_T"	6.19542841703487e-15	6.19542841703487e-15	6.19542841703487e-15	6.19542841703487e-15	0.112466046642595	0.215953004360717
"HKB0106_3006_T"	0.0553946396156742	1.01514983118757e-14	4.1646501358154e-13	1.64018158663859e-06	0.300853364609377	0.112481803120026
"HKB0108_3000_T"	7.43635087624139e-15	7.43635087624139e-15	7.43635087624139e-15	0.0713217452644363	0.187028414171455	0.158459877933231
"HKB0109_3006_T"	8.41669323227908e-15	8.41669323227908e-15	8.41669323227908e-15	0.0564380906790173	0.137004857365762	0.141541342395168
"HKB0115_3006_T"	0.0488523337858195	1.07727661486615e-14	0.00415876370590019	0.11935755714579	0.431496943407901	0.0529943720702823
"HKB0120_3000_T"	0.0255415463901947	0.204981956645128	0.347778100784951	0.195253518719165	0.226444812596945	6.48635942128455e-08
"HKB0121_3006_T"	9.64635583457521e-15	9.64635583457521e-15	9.64635583457521e-15	0.0969061650303861	0.0261388090335503	0.167889460635126
"HKB0123_3006_T"	1.03845486651669e-14	1.03845486651669e-14	0.0730078952696299	0.00652505796716901	0.229044973783383	0.262393023310073
"HKB0124_3003_T"	0.0620352389921233	4.3952904620973e-11	0.0754076900492937	1.38203446403581e-14	0.319453275029051	0.193347727857515
"HKB0125_3006_T"	0.280467238479969	7.59413718377834e-15	0.157481315282717	0.178544704742516	0.131637255735026	2.54815254796156e-12
"HKB0127_3006_T"	0.0135699645525837	1.31952650369679e-14	1.31952650369679e-14	0.108555943613234	0.301591441702368	0.104654827627061
"HKB0129_3000_T"	0.0789041141386815	0.292441369969854	0.111826326782633	0.00284437238985772	0.364103649030809	0.117574924625399
"HKB0132_3006_T"	0.107128947677313	1.0139002274633e-14	1.0139002274633e-14	1.52186687336267e-06	0.161685063065179	0.0992841733491651
"HKB0134_3006_T"	0.512398501003172	7.795897346921e-15	0.064974005725677	0.264767826888188	7.795897346921e-15	0.0111914452590034
"HKB0137_3002_T"	9.94551016676114e-15	9.94551016676114e-15	2.59999027597477e-09	0.288779690961875	0.173055948906647	0.211728598403889
"HKB0141_3006_T"	0.0161973754981575	1.99686988847311e-14	0.178007769158322	1.36626648092743e-14	0.193748910925488	0.208629016120835
"HKB0143_3006_T"	0.031924350521516	1.15336661514393e-14	0.176047508373586	0.286178895667058	0.094328948434909	0.257726233281308
"HKB0147_3000_T"	0.0140448865042718	8.35225164622836e-15	0.0151352235284399	0.00408476643938378	0.0923140707983329	0.305225616487599
"HKB0150_3006_T"	6.40494304492479e-15	6.40494304492479e-15	6.40494304492479e-15	0.014107137892013	0.016634916937067	0.197041431756331
"HKB0155_3000_T"	1.29013252228884e-14	0.026237286282456	0.173761515791364	0.0739194156190349	0.196962159073666	0.258096251113904
"HKB0157_3006_T"	0.440390004558341	8.60985312138469e-15	0.0449050253383364	0.0332298970229697	8.60985312138469e-15	0.0949285207396775
"HKB0158_3006_T"	0.107537964692687	0.0212404413740125	0.210918959592533	0.169755953884023	0.457736500632122	0.027545941041899
"HKB0159_3006_T"	0.00767055854161641	9.7250460273672e-15	0.0731839739013615	0.12730918208934	0.210477482688526	0.266959384918728
"HKB0160_3000_T"	0.00631870242920335	0.578194610250687	0.00478086313387982	1.01005363682011e-14	0.0105865750353637	0.054700950645232
"HKB0161_3001_T"	0.693323806535353	0.0510809115738045	0.0934806419497105	7.16379019062134e-15	0.152931742508431	0.00918288736023612
"HKB0162_3006_T"	0.19368047745983	1.17714703858395e-14	9.90687102421111e-05	0.260766174284256	0.264891838707817	0.157406732733695
"HKB0164_3006_T"	0.154841790038465	0.0104257203844965	0.334158219117932	8.16315058200907e-06	0.377588634528056	0.104638817224215
"HKB0167_3006_T"	0.0187360780938206	8.71206935231474e-15	0.108248264508921	0.627752286186076	0.147498181355753	0.0623030373039753
"HKB0168_3006_T"	0.0825349513503873	1.25712089244464e-14	0.294268449213956	1.92177949484014e-12	0.271716429283372	0.0828579634810758
"HKB0179_3006_T"	0.00999344926262041	1.2133604835508e-14	0.147696913691828	0.135313953029604	0.138313552168875	0.385510260009674
"HKB0182_3006_T"	0.460330733675697	9.22861108581027e-15	0.298013394004663	0.0191847739170772	0.0731669900222021	1.85703269243483e-06
"HKB0186_3000_T"	0.0652760751532181	0.191246137241313	0.390656168134411	0.125336736857333	0.227484882613688	1.22966165587617e-14
"HKB0191_3001_T"	7.99121371117575e-09	1.04153660307235e-14	0.244288999027177	0.13693392597444	0.195712572732833	0.268383963338529
"HKB0194_3006_T"	0.072398669922345	9.75107180782455e-15	0.00236034050826193	0.452104482934349	0.143036386005974	0.134520789386819
"HKB0196_3006_T"	0.0010766359591943	1.01286524807935e-14	0.015067295665736	1.01286524807935e-14	0.114895563127644	0.439773964510564
"HKB0207_3001_T"	0.0279669932333049	0.171467091335741	0.138661204840634	0.205192755113547	0.145153299188669	0.212915362651177
"HKB0208_3006_T"	0.0211937166204484	0.0106057515944878	0.373816543720159	0.00658063359157819	0.327798363421799	0.191370261346294
"HKB0209_3004_T"	0.0688771746279198	1.05845792226652e-14	0.423883980653559	0.0717602386215683	0.18853762647392	0.131745282249525
"HKB0210_3006_T"	0.0373770459449491	6.45808194501025e-15	6.45808194501025e-15	0.165627049177252	6.45808194501025e-15	0.45064553254321
"HKB0211_3002_T"	0.361713559768869	8.25846245612343e-15	0.0630130250144009	0.136946426096306	0.00256706299844447	0.137484490113676
"HKB0214_3006_T"	0.0747035868213232	1.21117364315386e-14	0.0663618126603989	0.237935065796204	0.188796074004704	0.199444245100944
"HKB0217_3005_T"	0.113442018338144	9.41343545458266e-15	0.00387321523541762	0.128194119734738	0.187417262525517	0.209726011624085
"HKB0219_3001_T"	0.048807536339466	1.2135825402299e-14	0.137785511688402	1.29731219280876e-05	0.206502289943547	0.233662291320919
"HKB0220_3000_T"	0.00628519576945935	0.0165142445350634	0.112767453255749	0.284296737443728	0.492472828621264	0.051346299482331
"HKB0221_3001_T"	1.17105498387368e-14	1.17105498387368e-14	0.195117633249744	0.100959625439642	0.273188859673273	0.187995713151424
"HKB0222_3006_T"	9.34830478918398e-15	9.34830478918398e-15	0.000446481933294833	0.00165360338671387	0.163133273090837	0.373823841852467
"HKB0225_3001_T"	0.0201826831190276	9.38354528623767e-15	0.0382399170343026	0.000716387244202308	0.108029999493595	0.278760204469037
"HKB0226_3001_T"	0.00140938884576381	1.11735424786601e-14	0.117758017880992	0.0256357650725474	0.305212237530835	0.251738562779226
"HKB0227_3006_T"	8.64071227304218e-15	8.64071227304218e-15	0.00679226915437826	0.114905377122226	0.155730505893621	0.200002099811871
"HKB0228_3002_T"	0.0869577207124477	9.89779950591353e-15	9.89779950591353e-15	0.219476475099125	0.233460580242468	0.0768992688544898
"HKB0230_3006_T"	0.00557570731126226	1.0503588463049e-14	0.174088365306616	1.11336917610126e-13	0.234202354760924	0.223349573739717
"HKB0232_3000_T"	3.25775697987117e-07	8.67814338602593e-15	0.0983281486298923	8.67814338602593e-15	0.169716411004552	0.331863911491795
"HKB0233_3006_T"	0.0343133957874212	5.09620950536772e-15	0.012322175682881	5.09620950536772e-15	0.0356760880047839	0.219430955515963
"HKB0540_3000_T"	0.00365251728843596	8.23221004710367e-15	8.23221004710367e-15	0.0292182115625374	0.0393918214365511	0.319530111113792
"HKB0552_3000_T"	1.2427525648932e-14	0.0697967897139941	0.124285245025271	0.00724315488014845	0.291289768297498	0.339305672190302
"HKB0558_3000_T"	0.0728194434062269	1.22263668037683e-14	0.192183572151985	0.106527284470584	0.224960667336381	0.217677406931513
"HKB0564_3000_T"	0.172535527848507	8.16316029381822e-13	0.348708133668949	1.2331067401335e-14	0.251993761434751	0.174104784891093
"HKB0573_3000_T"	0.19225689024865	0.0416803266681821	0.188325441949844	0.277488471629575	0.299863498941231	0.000385370562489712
"HKB0576_3000_T"	0.00776136171449507	1.01825847095963e-14	0.356194234280186	0.236841521393618	0.0804495500148308	0.221167273489465
"HKB0579_3000_T"	0.0758920956429641	1.48081399216015e-09	0.333116443429061	0.143449331699006	0.272338127197297	0.144819467710909
"HKB0585_3000_T"	0.00378982507154866	8.02113583614196e-15	0.00688713203858937	8.02113583614196e-15	0.158881297268995	0.299389347337447
"HKB0599_3000_T"	0.0179756566661234	9.75739188827052e-15	0.0711518574392869	0.191547786388898	0.124491080855418	0.33861833236251
"HKB0605_3000_T"	0.0536718801899624	1.26955681127174e-14	0.0904197350993442	0.0551140985201331	0.131894440582847	0.344301277055041
"HKB0620_3000_T"	0.00539383324999632	0.0096804410066547	0.00335444424936435	0.0968857824994634	0.166836663167806	0.260922320039199
"HKB0626_3000_T"	0.324195784684149	7.31828431621314e-15	4.73187811590759e-12	0.0773095058760009	7.31828431621314e-15	0.0609711344347487
"HKB0629_3000_T"	0.0090173952849042	7.78102483289077e-15	7.78102483289077e-15	0.0552110725195728	0.212533093368675	0.141815672558653
"HKB0638_3000_T"	0.00282045574739581	9.51317918383069e-15	0.0959601726863092	0.0532301412492593	0.0648541518868187	0.40147639852686
"HKB0644_3000_T"	0.1232226018791	6.71699807651342e-15	6.71699807651342e-15	0.0940829036734999	0.0125470009959068	0.0929607117453207
"HKB0650_3000_T"	0.290875052276466	7.57119548814465e-15	7.57119548814465e-15	0.247178196240488	0.223327933230189	7.57119548814465e-15
"HKB0653_3000_T"	0.0469154212679715	1.06672067954008e-14	0.109589336235599	0.105107655944189	0.237599482188021	0.143816561647026
"HKB0656_3000_T"	0.0675344155503849	1.14543217644689e-14	0.129125479121925	0.0231991459493874	0.239156267750764	0.18601972504039
"HKB0659_3000_T"	0.187955342808038	7.66776619472527e-15	0.00558071660534874	0.601851736522637	0.0845778066946383	7.66776619472527e-15
"HKB0665_3000_T"	0.141563367986255	1.14714232842158e-14	0.460874041061587	1.14714232842158e-14	0.176214185448197	0.12053874868459
"HKB0668_3000_T"	0.0791490057401097	1.01325536932042e-14	0.0737083132523586	0.128951197372243	0.413743028445902	0.14310768717089
"HKB0674_3000_T"	0.0248133313233685	1.01728618645182e-14	0.191386003689875	0.540183033832765	0.138046088425526	0.0530669963999635
"HKB0677_3000_T"	0.516901864863988	7.95336437797033e-15	0.0374073164680449	0.111588587241768	0.0056593299411175	0.0193870269549793
"HKB0683_3000_T"	0.0641184290955217	1.37700900628546e-14	0.00127476449066167	0.118155519936575	0.0720783411882436	0.162876381388153
"HKB0692_3000_T"	0.140886423521408	8.61887860420337e-15	0.0999294378902795	8.61887860420337e-15	0.154975063737605	0.105172613852829
"HKB0698_3000_T"	0.0664965805903847	1.12928460416022e-14	0.186897431205635	0.145088191732549	0.211520491274352	0.219706992452271
"HKB0701_3000_T"	0.00338958424751813	1.12457175726855e-14	0.42872980265899	0.0751497152271658	0.0896686533719293	0.281319934477903
"HKB0704_3000_T"	7.70376807026506e-15	7.70376807026506e-15	7.70376807026506e-15	0.104098596351266	0.031763545803758	0.103183069444768
"HKB0710_3000_T"	0.0963842483985582	6.65969731601621e-15	0.0199626381980074	0.648119694812175	0.056600975313196	6.65969731601621e-15
"HKB0713_3000_T"	0.031031042840447	9.17799502249767e-15	0.0250875948789192	0.0339736928811872	0.0899345753931327	0.270997087477996
"HKB0718_3000_T"	0.0362604539123095	9.93020788384185e-15	0.0925765825853883	0.321545759291216	0.270744181295537	0.188063193138945
"HKB0719_3002_T"	0.21148205711184	0.261819288768009	0.0154134906125647	1.48430261820306e-14	0.263095506211991	0.0453371641222828
"HKB0721_3000_T"	0.105454141355794	9.31792521536079e-15	0.0120244111547892	0.156863647199156	0.26551712640754	0.0840718902888759
"HKB0722_3002_T"	0.117338858590659	1.2414998916611e-14	0.0884473161811344	0.19420607380969	0.215462497193737	0.1413872659871
"HKB0726_3000_T"	0.0200702357660396	1.07187980179535e-14	0.108923724215092	0.00529500834320596	0.327447173051826	0.198421095707505
"HKB0734_3000_T"	0.154666627991187	1.14244355979484e-14	0.225540601871346	1.14244355979484e-14	0.315230631412269	0.0873176642403971
"HKB0736_3000_T"	0.000212600812423257	2.89908048966408e-06	0.00568591094442258	0.562611932433097	0.200289306163621	0.114452201158528
"HKB0737_3000_T"	0.0944478547675816	1.12857109733351e-14	0.34795075603416	0.0914925772246808	0.262340947672537	0.0668971144781826
"HKB0744_3000_T"	9.88013154447724e-15	9.88013154447724e-15	0.163356176223337	0.123512486383775	0.201823749831007	0.159162037239041
"HKB0748_3000_T"	0.0400829800131542	1.03596968879541e-14	0.059800730095091	0.0312856985715891	0.0929225198696009	0.33467070853806
"HKB0750_3000_T"	7.51479343500275e-15	7.51479343500275e-15	7.51479343500275e-15	0.0219018202830754	0.133522415890538	0.299063502257308
"HKB0751_3000_T"	1.18100262396331e-14	1.18100262396331e-14	0.0690744427695275	0.479190308130535	0.17772929601144	0.20420435496188
"HKB0752_3000_T"	0.280240901018164	8.78528091963647e-15	1.71178203560251e-10	0.268098304104873	0.24795697083387	5.13748319056822e-11
"HKB0004_3000_N"	0.336735658989649	0.508075700689584	0.00012049763730068	0.0157830958040453	0.121005089975352	1.27314406284277e-14
"HKB0005_3000_N"	0.314797162276936	0.276814698956554	0.0671517316281287	1.24424548233811e-14	0.203315003116752	0.0727360223396251
"HKB0006_3000_N"	0.27152515728744	0.539312814524391	1.21497665491596e-14	1.21497665491596e-14	0.155876443066226	1.21497665491596e-14
"HKB0019_3000_N"	0.305460072480042	0.605404137226237	0.0122978687735555	1.19341240030389e-14	0.0768379215201175	1.19341240030389e-14
"HKB0023_3000_N"	0.282982408503207	0.648250948168776	0.0168062762073779	1.22078284052328e-14	0.026878738256813	1.22078284052328e-14
"HKB0033_3000_N"	0.190236963627581	0.667197462751894	0.0869691351984916	1.23814173942887e-14	0.0525618717714782	1.23814173942887e-14
"HKB0035_3000_N"	0.353599707632512	0.332170194222252	1.6458216872452e-09	1.35119702324576e-14	0.132842719886779	0.0138120153195416
"HKB0036_3000_N"	0.265751028153003	0.377429220564631	0.00169133211246078	0.000226358135627241	0.241960614164366	0.0339869095191222
"HKB0038_3000_N"	0.256082649739849	0.540204999508263	6.03365991730211e-09	1.33943353394155e-14	0.197520948370335	4.06920076315835e-11
"HKB0040_3000_N"	0.17850303616834	0.446815751164157	0.13555510326965	0.0753330897516575	0.163793019646162	1.14936308501764e-14
"HKB0044_3000_N"	0.324586298145421	0.276257034858081	0.00172539809577336	1.26737391466219e-14	0.151238141608951	0.0690128148668025
"HKB0049_3000_N"	0.0340891829693615	0.631885278420065	0.165645819717415	0.126719143604659	7.6361230258817e-15	0.0208607947009914
"HKB0050_3000_N"	0.164070687830286	0.536325233319724	0.0738819364184504	1.3580916192484e-14	0.166702185582783	0.0590199565074531
"HKB0052_3004_N"	0.193073186813621	0.627562432432353	0.142160760040919	1.15604401064501e-14	0.0372036207130612	1.15604401064501e-14
"HKB0064_3000_N"	0.00731304321359109	0.535778146353744	7.15584157760599e-15	7.15584157760599e-15	7.15584157760599e-15	0.0505327439500924
"HKB0067_3000_N"	0.0790376878008881	0.670136300761365	0.0805315030296904	0.058626113816519	1.01898820692334e-14	1.01898820692334e-14
"HKB0074_3003_N"	0.317032639982604	0.649150732384003	0.0172945647487805	0.0011827054739191	0.0153393574106586	1.17605596270993e-14
"HKB0079_3000_N"	0.269772481273544	0.30204109692202	0.105268767400623	1.05544766076134e-14	0.250208126480849	0.056815984443004
"HKB0094_3000_N"	0.281760248015321	0.654253993097669	0.013299384451834	1.28090334611923e-14	0.0506863744351247	1.28090334611923e-14
"HKB0096_3000_N"	0.0146629120512565	0.626687758679575	0.0246010802121925	0.0140469071942361	7.58299933389488e-15	0.0786033638108889
"HKB0097_3004_N"	0.154344236047766	0.758322000457826	0.0733071369291089	0.0107758990073481	0.000238815450979242	1.14968046748186e-14
"HKB0098_3000_N"	0.0371355156054542	0.668384404255335	0.00350062024629593	0.000637078540922907	9.84930671425177e-15	0.0830351940659746
"HKB0102_3000_N"	0.267973014218287	0.641118141059758	1.26381236412418e-14	1.26381236412418e-14	0.0553428247931583	1.26381236412418e-14
"HKB0106_3000_N"	0.0175602140109049	0.674195111243915	0.0129536773101384	9.44008304081645e-05	8.01398410686795e-15	0.0631054002266471
"HKB0109_3000_N"	0.0331300374570811	0.652660545235776	0.130632583718099	0.115488669721723	0.00490755520743507	0.0275351322097756
"HKB0115_3000_N"	0.240329946667554	0.641305520737106	0.114111129293475	1.16412277140529e-14	2.73471151596981e-10	1.16412277140529e-14
"HKB0120_3002_N"	0.274236703189009	0.484521667906311	8.79401870883908e-06	1.22556033642732e-14	0.134772790422037	0.0560310567403557
"HKB0121_3000_N"	0.0203964369271279	0.705271276824166	0.0269827348200493	0.00479400678555395	7.94550317219611e-15	0.0413133199180529
"HKB0122_3002_N"	0.511852493518677	0.285815453209029	0.0224343586726874	1.0598085365453e-14	0.179390082511811	1.0598085365453e-14
"HKB0123_3000_N"	0.0186005988334979	0.652137268977473	0.00561467173913776	0.0272351736922198	7.88922251423194e-15	0.0588171357250591
"HKB0124_3000_N"	0.0336642870510399	0.544775212457721	6.61894997691576e-06	9.54310307423186e-15	0.00202477837790506	0.0910389911481907
"HKB0127_3000_N"	0.266241265647669	0.218393654746695	1.23627099120988e-14	1.23627099120988e-14	0.229278886185959	0.0459285387648782
"HKB0129_3002_N"	0.00853023817711693	0.717012155476874	0.0421534432000808	0.0388021032843104	7.82772781312179e-15	0.0698754422332322
"HKB0132_3000_N"	0.109303624298094	0.72343043579961	0.0417452696836095	0.0274987636487988	0.0116796331992495	0.000516419517352933
"HKB0133_3000_N"	0.176783248115629	0.658471239406021	0.0750220114773995	1.29084034645034e-14	0.0897235010008993	1.29084034645034e-14
"HKB0134_3000_N"	0.114335204715096	0.0618875081213079	1.160730019082e-14	1.160730019082e-14	0.204141086624383	0.0907276406733616
"HKB0137_3000_N"	0.29102352335672	0.513584501834385	1.53527414499155e-14	1.53527414499155e-14	0.147095682911241	2.98294850468215e-05
"HKB0141_3000_N"	0.228246035241314	0.177401482704317	0.0472693359823578	1.19335659682738e-14	0.16198733658502	0.137046912001963
"HKB0143_3000_N"	0.224844580958428	0.610513587042429	0.0696446875927996	1.34989646854563e-14	0.0837575038614438	1.34989646854563e-14
"HKB0149_3000_N"	0.300187796392503	0.287003801723986	0.162242600869994	1.33599408782113e-14	0.156592964927147	0.0227107430576063
"HKB0150_3000_N"	0.248835943731959	0.546668663537156	0.0294014833402708	1.33953541311386e-14	0.15546899418598	0.0196249152045946
"HKB0155_3003_N"	0.00149695197297867	0.539025794294635	0.00181530269851606	7.55274692550279e-15	7.55274692550279e-15	0.0720513250963795
"HKB0157_3000_N"	0.0341568205513536	0.614385050808557	0.0970707949879961	0.0586112952239585	7.71023012532317e-15	0.0510251712284555
"HKB0158_3000_N"	0.333734053071234	0.602198183382054	1.17288285253743e-14	1.17288285253743e-14	0.0517004970672697	1.17288285253743e-14
"HKB0159_3000_N"	0.249596944506289	0.623428968574482	0.0265332392821637	1.25091256459251e-14	0.0950214058857016	2.14086906195003e-05
"HKB0160_3001_N"	0.0247690216324474	0.721318675120952	0.0513711884201046	1.13139294359815e-07	7.99465811427343e-15	0.0447996656883212
"HKB0161_3000_N"	0.00939357766497321	0.620057792005985	7.50893750635365e-15	7.50893750635365e-15	7.50893750635365e-15	0.0110254295287556
"HKB0162_3000_N"	0.179152250488152	0.638946352155921	0.16906750560462	0.000990291722159646	0.0118436000291147	1.10488338696109e-14
"HKB0164_3000_N"	0.269619321353769	0.304369827667512	0.0858865099976266	1.08901342793849e-14	0.295335598188962	0.0447887427858176
"HKB0167_3000_N"	0.265004706760074	0.368698320456235	0.120721351003675	0.0850601950186362	0.160515426761344	1.21950504818622e-14
"HKB0168_3000_N"	0.369440068850986	0.332911752864487	1.07746825988567e-14	1.07746825988567e-14	0.0877806461168629	1.07746825988567e-14
"HKB0179_3000_N"	0.318751960441116	0.65227323366981	0.000759978246779765	1.08629398889197e-14	0.0262078960289953	1.08629398889197e-14
"HKB0186_3002_N"	0.321561700371833	0.520694115075569	0.00318967704466262	1.21247143549531e-14	0.146624693804924	8.23297078739943e-06
"HKB0194_3000_N"	0.326527553644479	0.380400620894777	1.22929600972917e-14	1.22929600972917e-14	0.101069961281665	0.00786591783487025
"HKB0196_3000_N"	0.244933688531327	0.610762957282164	0.0863782887774506	0.0242100119096732	0.0337150534993511	1.15989854394303e-14
"HKB0198_3000_N"	0.192569585171375	0.444218257888416	0.158650802532897	0.00268777920362813	0.201873575203648	1.19195182110705e-14
"HKB0207_3000_N"	0.00954517391970105	0.628362456794781	0.0204829824781982	0.107941332932631	8.80695910645446e-15	0.0357074904335918
"HKB0210_3000_N"	0.0610716668755103	0.476343127258023	0.0515849955976524	0.136801483717269	8.74423164560222e-15	0.228214498995484
"HKB0211_3000_N"	0.0154753692436658	0.636627252020621	0.076056385138764	0.226520399094241	7.72285733378507e-15	0.0322889226193927
"HKB0214_3000_N"	0.274709048175356	0.283733333748546	0.203253368667198	0.0280999116098189	0.20944426456249	1.67668024632342e-08
"HKB0216_3000_N"	0.278110649385855	6.87653905689357e-15	0.404976422745488	0.296697459627594	6.87653905689357e-15	6.87653905689357e-15
"HKB0219_3000_N"	0.186753960632971	0.664311876664063	0.108854036866327	0.0267430122447796	0.0127818114193942	1.16345911579708e-14
"HKB0220_3003_N"	0.00831126343492091	0.526210632894898	0.0671235869153256	0.345640952784137	7.75112378625403e-15	0.00269835009488286
"HKB0221_3000_N"	0.187090572429149	0.701874525289768	0.0626912122457405	1.29100186469006e-14	0.036920516255573	1.29100186469006e-14
"HKB0222_3000_N"	0.287082196237907	0.361744772208371	0.209630927239631	9.95905222642079e-15	0.141542104314051	9.95905222642079e-15
"HKB0225_3000_N"	0.334486961397767	0.33859162404325	1.49652714133869e-14	0.000995320460031856	0.257361568587845	1.69050086754758e-13
"HKB0226_3000_N"	0.0329477812921439	0.632211734996342	0.0167837829360017	0.0283837603191546	7.93897525563452e-15	0.0499303740883583
"HKB0227_3000_N"	0.196825106612656	0.721395837697644	0.0369030744443513	1.18407040424353e-14	0.044875981245301	1.18407040424353e-14
"HKB0233_3000_N"	0.296387062729199	0.20554063859992	0.00124342042522136	1.18978868499406e-14	0.328754350189218	0.0689319815055348
"HKB0538_3000_N"	0.177903541948265	0.306439977110353	1.16298583926822e-14	1.16298583926822e-14	0.308434587093748	0.0824778241316312
"HKB0562_3000_N"	0.271695100892633	0.295433607462831	0.0252019323843462	1.09642929376336e-14	0.256151502152494	0.0654730883469456
"HKB0571_3000_N"	0.120685926675194	0.691076263899807	0.0538804124480825	0.0642945746306143	0.0143991261397008	1.24947601755124e-14
"HKB0574_3000_N"	0.00467082960514439	0.663287819191988	0.0373438254664684	0.152113602525655	7.8052189434519e-15	0.0628884066061694
"HKB0577_3000_N"	0.0583352144219221	0.68341362472904	0.155338340261972	0.0574430677174935	7.68548274602518e-15	0.0454697515999916
"HKB0583_3000_N"	0.0246913235070932	0.670318014964127	0.0411251385454189	9.78965946979856e-09	0.00282980113471648	0.0655949716074267
"HKB0597_3000_N"	0.0590411123723973	0.682977872742124	0.0500487082316011	0.128774356991121	0.00184630326498194	0.034248983849185
"HKB0618_3000_N"	0.0213780574191824	0.701120199841079	0.014193710741076	0.0778859374013659	8.46246116352476e-15	0.0657638748654408
"HKB0636_3000_N"	0.286847432219942	0.540226219371559	0.0166502754593032	0.0165292998015715	0.112921052398468	2.51976505931927e-13
"HKB0648_3000_N"	0.312004917726451	0.428728233964882	0.0800817812084255	0.0540280438214328	0.124203000137968	1.25013461590139e-14
"HKB0651_3000_N"	0.259841775804674	0.366903611012127	1.19599404218279e-14	1.19599404218279e-14	0.0722767286367866	0.0073728846297511
"HKB0657_3000_N"	0.263794209705849	0.5112640097307	1.27722869798849e-14	0.00410667160307927	0.0979092433148894	3.48474632444849e-09
"HKB0663_3000_N"	0.309723915778757	0.582553926261344	0.058892792745254	1.24728723995139e-14	0.0468432592429369	1.24728723995139e-14
"HKB0666_3000_N"	0.109853394693412	0.658037433427056	1.21621906156525e-14	1.21621906156525e-14	0.0323399357454506	1.21621906156525e-14
"HKB0672_3000_N"	0.278166970386797	0.5807787547526	0.0356342839582395	0.0975863950635086	0.00783359583882062	1.13756571603072e-14
"HKB0710_3001_N"	0.25229903071625	0.656554911284164	0.0251158620379029	1.28797458808744e-14	0.0573734071726005	3.92837658554858e-12
"HKB0718_3001_N"	0.251009982012226	0.522668532819336	0.0793712375798377	0.00413861128765365	0.140013094158001	1.2602117820427e-14
"HKB0719_3001_N"	0.0268928374386194	0.644792580745859	1.00023677851752e-12	0.00793834963656735	7.98313963635802e-15	0.0889146993121374
"HKB0722_3001_N"	0.291868405812092	0.497910831371577	1.18544829238145e-14	1.18181032894299e-14	0.156925293317434	0.0261726651255004
"HKB0744_3001_N"	0.0280965184755543	0.573342573001925	5.20524581433117e-11	0.122967211779033	7.64855467592969e-15	0.0461379825625204
"HKB0748_3001_N"	0.0669642435716862	0.430064533741126	0.286403676605035	0.0684814237162099	0.104837849412227	0.0432482729536937
"HKB0751_3001_N"	0.212944671796219	0.63164164309725	0.059088992659073	1.25350672999255e-14	0.0743776836625609	0.000907088955422605
"HKB0752_3001_N"	0.233467370125761	0.557167786764644	1.1707790110093e-14	1.1707790110093e-14	0.120754097051275	0.0391088983779991
