"ID"	"S01"	"S02"	"S03"	"S04"	"S05"	"S06"	"S07"	"S08"
"HKB0004_3006_T"	0.00102079946171303	0.0022094646697325	0.0426765567521045	0.0473783304679517	8.33876994820537e-15	0.0285588059728891	0.197405444038071	0.0280314700084557
"HKB0005_3001_T"	1.23649532094355e-14	1.23649532094355e-14	0.0699135463963545	0.0229535950884658	1.23649532094355e-14	0.0248605712859666	0.168559897000985	0.0347168411218993
"HKB0006_3006_T"	0.00338047846458261	0.00232737409160469	1.45378466899726e-14	0.00038719876138853	1.45378466899726e-14	1.45378466899726e-14	1.45378466899726e-14	0.0382979889311376
"HKB0007_3005_T"	0.167832609228599	0.0209456417067135	0.241836439334312	1.23093906211844e-14	1.23093906211844e-14	0.00370690747048235	0.0482194469378407	0.179768179748553
"HKB0008_3006_T"	0.152227702042401	0.122068281655837	0.00811360255053097	1.22267525164022e-14	1.22267525164022e-14	0.159571731161157	0.0260795827505336	0.147662280145016
"HKB0016_3006_T"	0.148573465587984	0.0498442362641213	0.0397882974800061	1.41047205982543e-14	1.41047205982543e-14	0.0352786797203699	0.0199452642221728	0.14611685499244
"HKB0019_3006_T"	1.31603566176269e-14	0.00769517324702815	0.0827763256404068	0.0585969087203665	1.31603566176269e-14	0.00424300957961283	0.147484711536117	0.151994902455576
"HKB0023_3006_T"	0.0198574389834815	0.00473040026460354	1.51644866881024e-14	0.0352733273613801	1.51644866881024e-14	0.107701824582669	0.18546148537951	0.275607959880144
"HKB0031_3001_T"	0.00155741231403362	0.119151385885967	1.4317197034958e-14	0.0151803420701639	0.00833896096336128	0.172830152788693	0.0256701932368915	0.0122272114097308
"HKB0033_3006_T"	0.000989150209287804	0.11695474368091	2.09498723718364e-14	0.0104358908316151	0.0156746695556168	2.09498723718364e-14	0.0600584293163968	0.17963413623217
"HKB0035_3006_T"	0.130317367222508	1.32009918575107e-14	0.0882108083404984	0.0105799224521986	1.32009918575107e-14	0.032096238728225	0.00775796015094611	0.037156446494318
"HKB0036_3006_T"	0.00441259991624595	0.00640741691585662	0.0881818190182776	0.047612808475405	1.02927969680611e-14	0.00710035908952887	0.175346577624073	0.083245465403925
"HKB0038_3006_T"	0.0267443544675428	0.0305205931735185	0.00813591843330939	0.024214057880744	1.4467974928537e-14	0.0239997019504191	0.147936432752702	0.319924100929574
"HKB0040_3002_T"	0.466063575360109	0.0719154067496821	0.155909627169078	0.0451625944289764	6.36751803648388e-15	0.0632475813383484	0.0121551847450247	0.00661326056124825
"HKB0044_3006_T"	0.137496253352118	7.72457912807091e-15	0.262872191564572	0.00117403681203653	7.72457912807091e-15	8.06082845847588e-06	0.0997604412769113	0.017121919195401
"HKB0049_3006_T"	0.11211483252278	0.176336901248076	1.84546393271751e-14	0.0119010371565502	0.0441384239546641	0.0166462938920434	0.0538446238017923	0.270745499058538
"HKB0050_3005_T"	0.316274622028231	2.76283397694934e-05	0.241971228968621	1.20386813670551e-14	1.20386813670551e-14	0.0954009412719258	0.0226589170438436	0.0105125451823868
"HKB0052_3000_T"	0.273281442459744	0.03317745287114	0.0333706647205226	0.00998935206138273	0.117628967747614	0.0787318575079995	0.0182625312374948	0.10055255936983
"HKB0054_3000_T"	0.496118262063165	0.0576351649667513	0.092005011503749	1.52452398296719e-05	0.0233005821096713	0.0321307375150243	0.0660661099881332	0.0254715633224287
"HKB0056_3002_T"	0.0396852259077997	0.0152170971588662	0.264240208573765	0.148945506946905	9.57890843162448e-15	9.57890843162448e-15	0.0411563428375861	0.0462657581535899
"HKB0064_3004_T"	0.0275642801974517	0.411472705172496	1.42317341229343e-14	0.0374465303262494	0.015602614340186	0.0189447288060083	0.0290379030834228	0.0338019013075948
"HKB0065_3006_T"	0.0580267293114908	9.8279296449285e-15	0.136907581600496	0.0773664864627944	9.8279296449285e-15	0.0370866513436414	0.191020147038883	0.0566458657968564
"HKB0067_3006_T"	0.163427901708447	0.194876359958168	0.0420730632356411	0.0126681727161782	1.66341369211415e-14	0.0550497856696962	1.66341369211415e-14	0.0869330730188559
"HKB0069_3000_T"	0.326422464676029	0.0208956315974124	0.200394403833075	0.00468790027282934	1.00701518391909e-14	0.0541645175208613	0.038258173311132	0.0514368890572796
"HKB0070_3002_T"	0.0507154606370151	0.0969873541998406	1.76489629412174e-14	0.000893778180807135	1.76489629412174e-14	0.017954829364067	0.0438996095475387	1.76489629412174e-14
"HKB0074_3000_T"	0.336897074881031	0.00942460070820137	0.0581431912236753	4.25570941885157e-09	0.06771503270614	0.139225843157659	0.0542965985224109	0.0321000224057364
"HKB0078_3000_T"	0.0207675122693454	0.00485152648681426	1.63265432241426e-14	0.0115474311714057	1.63265432241426e-14	0.0425510183449856	0.068238315929301	0.0781162671615697
"HKB0079_3006_T"	0.189015538186703	0.0420445218945105	0.194580799477339	0.0399871191234548	9.18366216375976e-15	0.0250573521959639	0.0993731525749171	0.0460269473861928
"HKB0080_3006_T"	1.33229043414164e-14	0.00684378005318863	1.33229043414164e-14	1.33229043414164e-14	1.33229043414164e-14	1.33229043414164e-14	1.33229043414164e-14	0.010695493639987
"HKB0082_3006_T"	0.18051637048261	0.0140798999432283	0.388609553342289	9.720913775254e-15	9.720913775254e-15	9.720913775254e-15	0.0769782242152348	0.0504741349752398
"HKB0084_3000_T"	0.082121903808322	1.08690626074059e-14	0.281633195448887	0.0984152093539485	1.08690626074059e-14	0.00574812694690465	0.0742199661472206	0.171459935714181
"HKB0086_3006_T"	1.52319532738755e-14	0.0524104114840425	1.52319532738755e-14	0.023052638866388	1.52319532738755e-14	0.0812620562606784	0.102634207714601	0.129868270618851
"HKB0088_3000_T"	0.0917976221705067	0.0637121332053685	0.0642823737722192	1.39999521475209e-14	1.39999521475209e-14	0.0473624790712052	0.0757889654905679	0.164369457364032
"HKB0089_3001_T"	0.139863669182822	0.101351827216037	0.00604365618646344	0.012765758715896	1.39844875221481e-14	0.0251563113894425	0.00323596376420666	0.0931521036490785
"HKB0091_3001_T"	0.149913494804206	0.023237751901926	0.256675579849299	0.00238630810498587	9.96800228332098e-15	0.154154362226647	0.0432019207507429	0.0234650652423205
"HKB0092_3000_T"	9.87819011522585e-15	9.87819011522585e-15	0.0029565258499839	0.0449009525532608	9.87819011522585e-15	0.0371477320008072	0.0408106254267589	0.0787529033218598
"HKB0094_3006_T"	0.342768981562724	0.00606551900233337	0.118906014797305	1.70751330569815e-14	1.70751330569815e-14	0.0159576864736708	0.00195256827234931	1.70751330569815e-14
"HKB0096_3001_T"	1.3978684496259e-14	0.00357518692378096	1.3978684496259e-14	0.0163929110238491	1.3978684496259e-14	1.3978684496259e-14	1.3978684496259e-14	1.3978684496259e-14
"HKB0097_3000_T"	0.0321215443953155	2.27391671789317e-14	2.27391671789317e-14	0.00187535793336279	2.27391671789317e-14	0.00268396900623165	0.000198552881806652	0.00103324665967403
"HKB0098_3005_T"	0.209036760257649	0.0233992431118072	0.16978771465068	0.0303089776608337	1.30802146805194e-14	0.0428013361146	0.0749707255227995	0.118823738894398
"HKB0100_3006_T"	0.0159853076860186	9.71619923499525e-15	9.71619923499525e-15	0.0263886889872887	9.71619923499525e-15	0.0223978242367169	0.0380955620176803	0.016616498025417
"HKB0101_3000_T"	0.155051896426416	0.015343570381054	4.71219191528188e-12	0.0227768407479108	1.49420473753151e-14	0.0640655585591428	0.0305566235432368	0.205927239865717
"HKB0102_3006_T"	0.0068180738392059	0.0795902452079076	2.26352800960879e-14	0.0303174078313038	0.00535868378903435	0.024323465406872	2.26352800960879e-14	0.0747325348900707
"HKB0104_3006_T"	1.18340589059176e-14	1.18340589059176e-14	1.18340589059176e-14	0.00471024963554346	1.18340589059176e-14	1.18340589059176e-14	1.18340589059176e-14	1.18340589059176e-14
"HKB0106_3006_T"	0.0134138462045918	0.00110918710149308	1.78298988026399e-14	1.78298988026399e-14	1.78298988026399e-14	1.78298988026399e-14	5.6977349012461e-14	0.0209368505711063
"HKB0108_3000_T"	0.0311042662619015	1.30993097977698e-14	1.30993097977698e-14	1.30993097977698e-14	1.30993097977698e-14	1.30993097977698e-14	1.30993097977698e-14	1.30993097977698e-14
"HKB0109_3006_T"	0.00673266371691498	1.67882888106349e-14	0.00377505098514982	1.67882888106349e-14	1.67882888106349e-14	1.67882888106349e-14	1.67882888106349e-14	0.00781079540478973
"HKB0115_3006_T"	0.192780589040129	1.90811034952897e-14	0.13726888700739	1.90811034952897e-14	1.90811034952897e-14	0.0154735490884986	0.0015270816830213	0.0552434636841939
"HKB0120_3000_T"	0.249922323365295	0.14791621758754	0.0223917031768297	0.0279366600068275	0.0920812102860307	0.140521946975661	0.0689688008514797	0.120734065959287
"HKB0121_3006_T"	0.097532284790756	0.011338456694606	0.0969499507272487	0.0199151489345687	1.61089452778135e-14	0.108257032929243	0.0230393527983229	0.0486547135239461
"HKB0123_3006_T"	0.00351269499630047	0.0354046124035483	1.65718817167167e-14	0.0205109102324612	1.65718817167167e-14	1.65718817167167e-14	1.65718817167167e-14	0.0901508934443525
"HKB0124_3003_T"	1.73475643871316e-14	1.73475643871316e-14	1.73475643871316e-14	0.0611409593107186	0.0172675558939319	0.0349534403322342	0.0557321547302327	0.0121167449694872
"HKB0125_3006_T"	1.18735468984333e-14	1.18735468984333e-14	1.18735468984333e-14	0.0299185979419992	1.18735468984333e-14	0.029038496633878	0.074968649538983	0.117906202050692
"HKB0127_3006_T"	0.244608048206	0.0481707816014345	1.54329664200834e-14	1.54329664200834e-14	1.54329664200834e-14	0.12775239597682	0.031936639850192	0.000473719644821407
"HKB0129_3000_T"	0.334481611541886	1.43370024475346e-14	0.021697374109374	0.0172958333322677	0.173368481496443	0.112398223900288	0.0184419577154191	0.010367480139116
"HKB0132_3006_T"	0.106429701032514	1.25836595120081e-14	0.00596255543858708	0.000414628154314682	1.25836595120081e-14	0.0523668801715492	0.0233647576992238	1.25836595120081e-14
"HKB0134_3006_T"	0.0920284925783542	0.0548391892401885	0.185287269755701	0.0377209288907061	8.28129090307887e-15	0.0577341847839824	0.107473133148252	0.0542043908192199
"HKB0137_3002_T"	0.0961051115056103	0.0349786272207756	0.152720247748657	0.00255343276672089	1.43332534581515e-14	0.124721869282975	0.0174144920277321	0.0488596757790054
"HKB0141_3006_T"	0.0318880696549167	0.00134387570754156	2.16228288442328e-14	0.13647798093777	5.70848573771804e-06	0.100738136675995	0.0486386678373072	0.0425260120404141
"HKB0143_3006_T"	0.113083952688957	0.105852082320605	0.155106697943768	0.0202011307346593	1.38049329017945e-14	1.38049329017945e-14	0.0961399672316939	0.198999799772532
"HKB0147_3000_T"	1.41627623964597e-14	0.00299159445286978	1.41627623964597e-14	1.41627623964597e-14	1.41627623964597e-14	1.41627623964597e-14	0.0367460104005278	0.0361011482104201
"HKB0150_3006_T"	0.0147588260592907	1.1255209205647e-14	1.1255209205647e-14	0.00309447845185385	0.00293476362059944	1.1255209205647e-14	0.00282172894608958	1.1255209205647e-14
"HKB0155_3000_T"	0.393853327156762	0.0846731729789409	0.00996684199897034	1.7349776916959e-14	0.0364113810436745	0.0273715336912525	1.7349776916959e-14	0.10714379519282
"HKB0157_3006_T"	0.0543672521124628	1.529272609986e-14	0.0412358830306912	0.0172958327739097	1.529272609986e-14	0.0711653138993301	0.0847615746243012	0.00868650485529316
"HKB0158_3006_T"	0.148743494659023	0.0290891613214532	0.0911896645946051	0.00925355147780227	2.9069134819319e-10	0.0550697695340105	0.0808058375326629	0.130256832152893
"HKB0159_3006_T"	0.0295523422072754	0.0195014303630658	0.027035815707062	1.50807637296099e-14	1.50807637296099e-14	0.00324187884096082	0.00162526433028712	0.0530229159771529
"HKB0160_3000_T"	1.38081643545005e-14	0.0229196428628294	1.38081643545005e-14	0.0595329356336275	0.391253251164037	1.38081643545005e-14	0.00998929921027097	1.38081643545005e-14
"HKB0161_3001_T"	0.0214577838556537	0.00362523062022516	0.000265653121653205	0.00922604936373379	0.0113913403577546	0.0606909628145435	0.0146595280951367	0.0215624277378055
"HKB0162_3006_T"	0.104919770119927	0.0200343448641348	0.0550155339944681	0.0459814413782246	9.63227836246022e-15	0.0591523804802505	0.0789036731267039	0.0460837144053795
"HKB0164_3006_T"	0.105714391004032	0.0832507001323705	1.30333196714469e-14	0.0108398456828245	1.30333196714469e-14	0.235177538375275	0.0762950772295607	0.126408514071242
"HKB0167_3006_T"	0.355501590977282	0.1173607321564	0.254886801740992	0.0863995373876978	7.36233754439067e-15	0.00472930947340171	0.0211809828079798	0.0805299771083757
"HKB0168_3006_T"	0.0416926284433012	1.89924939901755e-14	1.89924939901755e-14	0.00525369961119718	1.89924939901755e-14	0.013097469984251	0.0330786007805111	0.185341142854411
"HKB0179_3006_T"	0.0364754489154929	0.0288200552820784	0.0520888314902645	0.0285247710624733	1.94027979867397e-14	0.0147137808799904	7.43104414449194e-06	0.0943223585778608
"HKB0182_3006_T"	0.0398620314845624	9.78570982291534e-15	9.78570982291534e-15	0.0467611223879638	9.78570982291534e-15	0.0300824319581335	0.273653714694262	0.182789705832067
"HKB0186_3000_T"	0.319096464016997	0.147572777750125	0.0258239081128798	0.0330726952614233	0.112274115558734	0.0613709994618382	0.0656649714976452	0.103093369749511
"HKB0191_3001_T"	0.138330775736195	0.100715327748641	0.107511682232207	0.0403449708383379	1.71582888885439e-14	1.71582888885439e-14	4.77527222041625e-08	0.174055677184608
"HKB0194_3006_T"	0.22950500822629	0.0369347296586887	0.189108594156036	1.09131718843798e-14	1.09131718843798e-14	0.0198379740296573	0.0513344452210166	0.0393116650684071
"HKB0196_3006_T"	1.85317877054193e-14	1.85317877054193e-14	0.000552823347783599	0.000743970787685271	1.85317877054193e-14	1.85317877054193e-14	1.85317877054193e-14	0.0481179228657282
"HKB0207_3001_T"	0.253047996615296	0.0154985930582989	0.0785549445622562	0.0269034060412603	0.234311169363356	1.43836528908628e-14	1.43836528908628e-14	0.107151330035569
"HKB0208_3006_T"	0.102431988493658	0.0148007960143624	0.00539655486278093	1.75617380576765e-14	1.75617380576765e-14	0.0594720597837055	0.0312214720110255	0.368737286999959
"HKB0209_3004_T"	0.0432642837819032	0.0398675039260831	0.0760429708739664	0.0226181534700575	1.18966800147118e-14	1.18966800147118e-14	0.0503980950496485	0.294109773229696
"HKB0210_3006_T"	0.035459991721639	8.19489171712629e-15	0.0325037793616612	0.075228707785775	8.19489171712629e-15	8.19489171712629e-15	8.19489171712629e-15	0.0595913101712495
"HKB0211_3002_T"	0.00398926401202078	0.000761512794888321	0.023977860576349	0.101761697436464	6.78372318386601e-15	0.0120432744568335	0.0570008397834878	0.0258263666332326
"HKB0214_3006_T"	0.232783906752467	0.0137981731593215	0.106671148910499	0.00321145301571406	1.39716894689472e-14	0.0259155140348835	0.0277124552468214	0.0522577940984737
"HKB0217_3005_T"	3.89639869392726e-13	1.27586265724649e-14	1.27586265724649e-14	0.0510234958745311	1.27586265724649e-14	0.0044628757723721	0.0394728793197282	0.0309359562516594
"HKB0219_3001_T"	1.64763384030186e-14	0.00585621578291956	1.64763384030186e-14	0.00868285453462834	1.64763384030186e-14	1.64763384030186e-14	0.0304958872790038	0.151772263896341
"HKB0220_3000_T"	0.338944913284888	0.111101650608818	0.088142959718963	3.43802689273604e-05	0.00540712940418902	0.10545948924876	0.00215877828577236	0.0649095735345493
"HKB0221_3001_T"	0.047861468655406	0.131414645858928	0.0120916915788624	1.6701457065635e-14	1.6701457065635e-14	0.0480989731991194	1.6701457065635e-14	0.243259847494765
"HKB0222_3006_T"	1.78129470508847e-14	0.0298525730862383	0.0282583998445205	0.0111008855795413	1.78129470508847e-14	0.0214364925066012	0.00670851868365572	0.0211757531211137
"HKB0225_3001_T"	1.37268258094009e-14	0.000383388207786172	1.37268258094009e-14	0.012355187329937	1.37268258094009e-14	0.00331881079775469	0.0608288969747508	0.0285883318227465
"HKB0226_3001_T"	0.0112831360760838	0.0142642995511378	1.91355575647687e-14	0.0138040081731827	1.91355575647687e-14	0.000864595712818769	8.35247026077192e-12	0.227515142135369
"HKB0227_3006_T"	0.0775749733696674	0.100143425598213	9.00758155041574e-12	1.63191673456788e-14	1.63191673456788e-14	0.0257413611026098	1.63191673456788e-14	0.0185331371047976
"HKB0228_3002_T"	0.0385961750845337	0.0431633215662113	0.0911554499843055	1.48776604125384e-14	1.48776604125384e-14	1.48776604125384e-14	0.0175823447266929	0.0135321407711846
"HKB0230_3006_T"	1.62336394843549e-14	0.0839659518444976	1.62336394843549e-14	1.62336394843549e-14	1.62336394843549e-14	0.00172870791761377	1.62336394843549e-14	0.0227125698295261
"HKB0232_3000_T"	0.0080630679567236	1.21237841165856e-14	1.21237841165856e-14	1.21237841165856e-14	1.21237841165856e-14	1.21237841165856e-14	0.0123593779754027	0.146622210651772
"HKB0233_3006_T"	8.60371366141129e-15	8.60371366141129e-15	8.60371366141129e-15	0.00483347035178041	8.60371366141129e-15	0.0143352408417607	0.0190309577447031	0.0194212291318557
"HKB0540_3000_T"	0.0146729087303122	0.00610433113241576	1.54496529354582e-14	0.000733662448159756	1.54496529354582e-14	1.54496529354582e-14	0.0456404081539205	0.0406125651074432
"HKB0552_3000_T"	0.0419347009681414	0.0172854130299415	2.12825371232863e-14	0.0324651832012805	0.124654320036844	0.0690426842413049	2.12825371232863e-14	0.0398488171139926
"HKB0558_3000_T"	0.0124605228728556	0.0198225078908847	0.00591113477194493	0.0110906095676574	1.43586638317635e-14	0.00615367698042559	0.0771725936441464	0.126336578255724
"HKB0564_3000_T"	0.105763314617619	2.09252567177913e-14	0.000787544267924631	2.09252567177913e-14	0.00278463795601325	0.0848872718906135	0.123591602769719	0.124911474060486
"HKB0573_3000_T"	0.321282709098886	0.0546433054239741	0.117997918653255	0.0124065640165131	0.0154669286363222	0.106308368745014	0.0949188708793826	0.112329780052855
"HKB0576_3000_T"	0.0284690481713991	0.194998139614441	0.121903336584824	0.038931811736661	1.20876418871328e-14	1.20876418871328e-14	0.0187977587619452	0.323975249293458
"HKB0579_3000_T"	0.278503677026811	0.0979398240838911	0.0661917162554107	0.00842798814220959	0.0187296090693036	0.115021084329695	0.00797234711775236	0.192760178772744
"HKB0585_3000_T"	1.33983374939022e-14	0.00713672984394822	1.33983374939022e-14	0.0083966724380959	1.33983374939022e-14	1.33983374939022e-14	0.027094356741255	0.00126226092828336
"HKB0599_3000_T"	0.0335773610884028	0.0223154964774233	0.060062499773385	0.00641634808494205	1.3050389650713e-14	0.080729595342962	0.0381800292965591	0.145013677226964
"HKB0605_3000_T"	0.128236480340904	0.0276898311102593	0.110610250541751	0.0420740164849418	1.78507377101956e-14	0.00188568889175564	0.132022309813736	0.12267842840804
"HKB0620_3000_T"	0.157870433097232	0.00316353988854795	0.0685412886756711	2.19002937323122e-14	2.19002937323122e-14	0.0556556479992446	0.0407903220078966	0.0247196371016067
"HKB0626_3000_T"	8.5155530728749e-15	8.5155530728749e-15	8.5155530728749e-15	0.116331923719034	8.5155530728749e-15	0.00842790193704999	0.0642024530711176	0.0135749500265323
"HKB0629_3000_T"	0.023710860482502	0.0299573021179211	1.46056697116835e-14	0.0168417047375397	1.46056697116835e-14	0.0181746508039352	0.0144326106428974	0.000108649912997197
"HKB0638_3000_T"	0.00547742143736064	1.60335263228062e-14	0.00746418264623539	0.0292483726085433	1.60335263228062e-14	0.00310113143654676	0.0228876994336628	0.2084503867645
"HKB0644_3000_T"	1.26882776408452e-14	1.26882776408452e-14	0.00291674035056126	0.0708466995469304	1.26882776408452e-14	0.00629968372685727	0.0937344309125959	1.26882776408452e-14
"HKB0650_3000_T"	0.123864538388147	0.0019751922377844	0.118514125561321	0.0433926560964568	8.28086221026865e-15	0.125111437833696	0.0245250945741492	0.0248012696883979
"HKB0653_3000_T"	0.074932521157336	1.66247334185279e-14	0.118546724194578	1.66247334185279e-14	1.66247334185279e-14	0.0198119701770249	0.130559851255836	0.0999074855967409
"HKB0656_3000_T"	0.00370144563037795	0.0211763872597334	0.00186003681963887	1.92322212298384e-14	1.92322212298384e-14	0.0253315090303057	0.143115027400404	0.0659824761641938
"HKB0659_3000_T"	0.270124941146195	0.0500276440341847	0.193555244850001	0.000569823548228149	7.28499868264969e-15	0.0423469453334274	0.0621029147320807	0.0809590604320269
"HKB0665_3000_T"	1.31156250475902e-14	1.31156250475902e-14	1.31156250475902e-14	0.0328207004235797	1.31156250475902e-14	0.0144958903605109	0.124465581636031	0.28098330540508
"HKB0668_3000_T"	0.0478859884176756	0.0225268897129889	0.0576005727629911	0.0322744342865857	1.15807036634026e-14	0.00380693418073276	0.0158881481800153	0.123289408312891
"HKB0674_3000_T"	0.386662180589464	0.0488058599375109	0.136201620061735	0.0230234982316961	7.30880288012161e-15	0.0123629232787711	0.156501266884388	0.0615255902058126
"HKB0677_3000_T"	0.011901002586094	1.03156369340903e-14	1.03156369340903e-14	0.126693286508612	1.03156369340903e-14	0.0548434054851394	0.137092012700183	0.0428794231652654
"HKB0683_3000_T"	0.249998656757677	0.0139819939628743	0.178274083035465	1.79384168152477e-14	1.79384168152477e-14	0.0322156594745511	0.0344758760748275	0.0139258148192351
"HKB0692_3000_T"	1.090980199783e-14	1.090980199783e-14	1.090980199783e-14	1.090980199783e-14	1.090980199783e-14	0.0073331875815012	0.0463158337948394	0.0650637659313873
"HKB0698_3000_T"	0.0146874365127678	0.0229638753560493	0.091979879571787	0.00728676983162224	1.55299421821459e-14	4.34063821786751e-07	0.0317818611171695	0.269642211017507
"HKB0701_3000_T"	0.0182069926332515	0.118697477949615	0.0248126150234435	0.00855584229063541	1.45244866904858e-14	1.45244866904858e-14	0.0359570554749261	0.418360602206267
"HKB0704_3000_T"	1.31912375900472e-14	0.00268856423171636	0.0202237103963779	1.31912375900472e-14	1.31912375900472e-14	1.31912375900472e-14	0.0367965198028906	0.0512877127154744
"HKB0710_3000_T"	0.174860480784053	0.0634374616058719	0.381616904734045	0.00277538071949008	8.48909792726071e-15	0.0139411719871224	0.038620006677315	0.000133480129923195
"HKB0713_3000_T"	1.18019508136627e-14	0.00186349584715641	1.18019508136627e-14	0.00221621567069235	1.18019508136627e-14	0.0355845672961833	1.18019508136627e-14	0.0712103577735427
"HKB0718_3000_T"	0.180291434707476	0.0540970349961885	0.302495983558638	0.0078973363132044	1.17092422231257e-14	0.0364226267607568	0.0621759213682373	0.121831734949092
"HKB0719_3002_T"	0.135079366465454	0.0215538288639482	0.00255170501307147	1.59871255758757e-14	0.20060733921152	0.0643740987075859	0.029352027419347	0.032687602596731
"HKB0721_3000_T"	0.0219779022808916	0.0229479355430634	0.0455670431997473	0.0101724254806435	1.22293325548869e-14	0.0151358485828907	0.0898178292221017	0.0458769407945147
"HKB0722_3002_T"	0.0449530462950481	0.00819192477689846	0.133224887076339	0.0939756662902408	1.57522261538168e-14	1.57522261538168e-14	0.121272132577066	0.0633283541523928
"HKB0726_3000_T"	0.0453708824076688	0.0312831034344648	1.54747104469532e-14	0.00504187957546067	1.54747104469532e-14	0.0305450784472143	0.0531121246286823	0.0166229731126029
"HKB0734_3000_T"	1.52036280007365e-14	1.52036280007365e-14	0.0020131142567218	0.0594193496283574	1.52036280007365e-14	0.00717948467211206	0.127207850319406	0.126170253517258
"HKB0736_3000_T"	0.471903750794153	0.0489245921800089	0.205552202323915	0.0240559912124001	7.51366753451437e-15	0.0209665728590365	0.00145727935643308	0.00991322962860848
"HKB0737_3000_T"	0.176873113151295	0.0181826125994451	0.0644473933553878	0.017675679565529	0.00151101889565526	0.0196357472334993	0.0297201441555195	0.286354409994538
"HKB0744_3000_T"	1.44486405790126e-14	0.00712746985977125	1.44486405790126e-14	0.00458397716276878	1.44486405790126e-14	1.44486405790126e-14	0.0122065156949945	0.216410213368472
"HKB0748_3000_T"	0.115597432222116	0.00553545276486203	0.0888676204709758	2.12702758977639e-14	2.12702758977639e-14	0.0218401499791254	0.0362120510421638	0.0526323531013235
"HKB0750_3000_T"	5.57573923182716e-12	0.0271484245829651	1.47381565865906e-14	0.0165761658705524	0.0172819611489503	1.47381565865906e-14	0.00489897104580122	1.47381565865906e-14
"HKB0751_3000_T"	0.502934125492263	0.0742098892146955	0.155447625212623	0.0123948416871445	1.21027725138798e-14	0.0335722519586387	0.0107786414022914	0.0520612050614726
"HKB0752_3000_T"	0.168858866359801	0.0538664490317472	0.225851595092889	0.0331167361845822	8.58627900733294e-15	8.58627900733294e-15	0.00308696595933392	0.020392723294634
"HKB0004_3000_N"	0.0889578021545625	1.56394766211847e-14	0.0647880561690335	0.0234847839072434	0.316742814947624	0.0185366896848677	0.0349733494001356	0.00349764667689451
"HKB0005_3000_N"	0.0122605816302723	1.44489649101179e-14	0.0290331604760451	0.00310213563599736	0.268718432731571	0.0934330398604476	0.0622579933980428	0.0513066742781699
"HKB0006_3000_N"	0.0688595855474835	1.0692921359319e-14	0.00736737076334975	0.0115142510459496	0.203240746241218	0.00953340803040832	0.0611495227093161	0.00397960023590701
"HKB0019_3000_N"	0.00245050952638531	0.0153540313265858	1.10942446056874e-14	0.0494795217015668	0.425877902266176	0.0202114505853609	0.135129824081079	0.0166239573615513
"HKB0023_3000_N"	0.0671816420757187	0.0377416482655125	0.00565819391477884	0.00226603861068612	0.426546406364842	0.0339990777603731	0.0169578754495629	0.0111777567265793
"HKB0033_3000_N"	0.0078954082063093	0.0652035837623093	0.0121510641365836	0.0172347870078654	0.454654973778842	0.00471653264032645	0.0509258921088158	0.0359578997738834
"HKB0035_3000_N"	0.00450061444993761	1.47891469944233e-14	0.0129885871012594	0.11574767315068	0.177882035145502	0.108100781062759	0.0821508299341477	0.000316447604589197
"HKB0036_3000_N"	0.0513961713896742	0.00388409036537103	0.00243986715835372	0.00418662671091446	0.276431553951969	0.0372702035413892	0.0333550261719195	0.0133779991999386
"HKB0038_3000_N"	0.0732927240024905	0.0413456252220875	0.0177761955095102	0.0488582429261291	0.222902649455395	0.029216731252075	0.0259500770486661	0.00461678956287051
"HKB0040_3000_N"	0.1701533288756	1.18454221969022e-14	0.0637348144444126	0.0334037771271401	0.234434726993763	2.11445015763859e-05	0.0305388887274213	0.000934579685919218
"HKB0044_3000_N"	0.0265640633821477	1.39889488129858e-14	0.0207360734607404	0.0700957538732648	0.101300751243732	0.04818794215376	0.0703415607247116	0.0150106672323953
"HKB0049_3000_N"	0.0504267993112815	0.210040273117999	0.0267074565108228	0.0503885766792192	0.338622949649058	3.27986353355996e-10	0.000372627097544606	0.0940750339632117
"HKB0050_3000_N"	0.0638350512992768	1.44379639246501e-14	0.0222026107704632	0.00434015390054107	0.349727673296937	0.0125296381103164	0.147022370578186	0.00409339194684521
"HKB0052_3004_N"	0.0749779731235788	0.1271605049098	0.0452646127111305	0.0145988658032405	0.461308096583989	0.0321738745371742	0.0176426846084318	0.0359866080911237
"HKB0064_3000_N"	1.1333360012727e-14	0.004915186911967	0.0136395503819282	0.0445281606815314	0.272820403036576	1.1333360012727e-14	0.0450162983173879	1.1333360012727e-14
"HKB0067_3000_N"	0.00395681833370805	0.211079656822938	0.011233546133171	0.0265582113281343	0.349649438260542	1.02734245437678e-14	0.00414104014399681	0.0457768130497873
"HKB0074_3003_N"	0.0170020993028933	0.0233424512997753	0.026452091885773	0.0220743474921606	0.356278348863461	0.0924985484600873	0.017569375080656	0.0267374863260106
"HKB0079_3000_N"	0.0514929136062941	1.2936707233655e-14	4.20288091544274e-07	0.0408614636264241	0.133351131052505	0.00703969499132304	0.0373710071639608	0.0150540037474208
"HKB0094_3000_N"	0.0352006813192527	5.66803135527796e-08	0.0184077924929225	0.0110176524795655	0.43480766481949	0.0161253413237106	0.155686068909678	0.0175643715532035
"HKB0096_3000_N"	0.0123887015537761	0.0153651220808983	0.0148598902189118	0.0836293326977558	0.466211811297461	1.17584021937386e-14	0.00361482883416619	0.0167770998897158
"HKB0097_3004_N"	0.00804856646979893	0.139987375361305	0.056605615271837	0.0385873854773775	0.424413116664604	1.07021282197919e-14	0.0130414052899162	0.016904810979005
"HKB0098_3000_N"	0.0323311375537311	0.110939021025478	0.0077614285632636	0.110421721660771	0.382245338038899	1.12415141169851e-14	0.065833014698023	0.000873555720090411
"HKB0102_3000_N"	0.0500620422516942	0.00435726632632632	0.02430163139783	0.0231906303521682	0.483983657049312	0.0276471703425157	0.0194712769392948	2.11193136561554e-10
"HKB0106_3000_N"	9.90668101791947e-15	0.116306981149052	0.00265475738653836	0.0575163596632156	0.352927918197724	9.90668101791947e-15	9.90668101791947e-15	0.0420153356186907
"HKB0109_3000_N"	0.0406708705306879	0.213627834261479	8.11528908593278e-15	0.155831910478844	0.257189435300987	0.0272271275468398	8.11528908593278e-15	0.0587385985441846
"HKB0115_3000_N"	4.70550861873059e-09	0.0797124837135975	0.0239413668442694	0.0499380996306325	0.414652799654837	0.00679933979326423	0.052790599112166	0.0660580349257485
"HKB0120_3002_N"	0.0330277095356246	1.41366144073064e-14	0.0284443504131328	0.0387702143012733	0.310034532946972	0.0256973020834631	0.0571693845978538	0.0037697397728961
"HKB0121_3000_N"	0.00241039153417015	0.0802340215932251	1.01142166515492e-14	0.0179731975613486	0.436788044473019	1.01142166515492e-14	0.0184781290016839	0.0305201307729881
"HKB0122_3002_N"	1.25809384680228e-14	0.0518780448849254	1.25809384680228e-14	0.029090477917598	0.343408544198493	7.57889302462122e-11	0.124213900613225	0.00966989948721744
"HKB0123_3000_N"	0.0273913433262729	0.0381672680512882	0.00198629478938001	0.0563090107567819	0.39143077816808	1.01168816601557e-14	0.0276478988599059	1.53884852114854e-11
"HKB0124_3000_N"	0.0453559910685463	0.0792633903584174	1.1972123917659e-14	0.0881813678751983	0.380222585798768	1.1972123917659e-14	0.00675723559707387	1.1972123917659e-14
"HKB0127_3000_N"	0.0147018708425925	1.66168990250116e-14	1.9016302136522e-06	0.0520761582087935	0.0884260209879829	0.0643988853619116	0.0860451015780638	1.66168990250116e-14
"HKB0129_3002_N"	9.97727966059825e-10	0.092822742424485	0.00270070625255154	0.0332869621554892	0.402597848695257	5.64965725204014e-06	0.0338996929231158	0.0276597735573816
"HKB0132_3000_N"	0.0547258976501745	0.125578853579699	0.00663591745513552	0.0638443752196182	0.445801752594935	0.00437545745839077	0.0174071168282965	0.0195263155334156
"HKB0133_3000_N"	0.00676363731068406	0.0810438704630882	1.18864544732591e-14	0.0246435746864753	0.462835083457188	0.0118139160856901	0.103005197507546	0.0322157128281034
"HKB0134_3000_N"	1.55068854475758e-14	1.55068854475758e-14	1.55068854475758e-14	0.0217541872804109	1.55068854475758e-14	0.0110346682330418	0.00021786864424704	1.55068854475758e-14
"HKB0137_3000_N"	0.0477096788524906	1.50682188328432e-13	1.44632629127294e-14	0.00532490309228552	0.316664530640177	0.0453862941102226	0.0592034636405153	1.44632629127294e-14
"HKB0141_3000_N"	1.29894602850057e-14	1.29894602850057e-14	1.29894602850057e-14	0.0448266035082575	0.0328269281124285	0.00419613580603379	0.0585434506293617	1.29894602850057e-14
"HKB0143_3000_N"	1.37493934277916e-14	0.00411750069531607	0.0127945223618798	0.0496248757399107	0.425705437948325	0.0107131069796965	0.0439664256632575	1.37493934277916e-14
"HKB0149_3000_N"	1.55851635107442e-14	1.55851635107442e-14	1.55851635107442e-14	0.0216288452189483	0.256354887648906	0.0282450258494062	0.0662629078752722	0.0553293199754551
"HKB0150_3000_N"	1.66240732736947e-14	1.66240732736947e-14	0.00618297453857755	0.0389868317189306	0.383211621052284	0.0149341220087946	0.0949324514197639	0.0131445747364288
"HKB0155_3003_N"	1.27666733260919e-14	0.0270448241213905	1.27666733260919e-14	0.0636945820447494	0.368592937942878	1.27666733260919e-14	0.0117385089756027	0.00384827803566576
"HKB0157_3000_N"	0.00102937356241684	0.170436149732352	9.40081683133688e-11	0.0467685000000309	0.361333622821202	1.02189931121636e-14	0.111058723550784	0.0744244847294048
"HKB0158_3000_N"	0.0596267997603029	0.0547115604550336	1.28313644231875e-14	0.0437803274968257	0.426292148895061	0.0470387917436809	0.0572576049413008	1.28313644231875e-14
"HKB0159_3000_N"	0.0449544463638233	1.25804739786059e-14	0.00289595845893949	0.0591540852879221	0.340684428092103	0.0218204496919032	0.0356108087118616	0.00565938991495378
"HKB0160_3001_N"	1.05857276292272e-14	0.132243731480265	1.05857276292272e-14	0.0732832946729687	0.355287378940927	1.05857276292272e-14	0.000667494466507646	0.0298234443334532
"HKB0161_3000_N"	1.17264464041284e-14	0.0318824581316516	1.17264464041284e-14	0.0423055758256282	0.391555486101939	1.17264464041284e-14	0.0065549700120063	1.17264464041284e-14
"HKB0162_3000_N"	0.0256592412311613	0.181966611272213	0.0162789732885073	0.0279940529910938	0.364469401925722	1.01751747652099e-14	0.0962922644023648	0.0625860279827217
"HKB0164_3000_N"	1.21800692236403e-14	0.0380184162159189	1.15253821400994e-09	0.0414514734384684	0.132260613824772	0.00971837160713303	0.0542610298384993	0.0301397631494186
"HKB0167_3000_N"	0.175320378088275	0.0690550818270299	0.0299840714300709	0.102491048111659	0.19827697405231	0.0352618868238939	0.0823210737527629	1.18649597143631e-14
"HKB0168_3000_N"	0.00915054736583738	1.24388067305991e-14	0.0144514106901833	0.0509541718078498	0.0350026982411608	0.0466160994728403	0.100425124011787	1.24388067305991e-14
"HKB0179_3000_N"	0.0291599702042479	0.0322575524475135	5.8395308161306e-05	0.0516744181437883	0.411401428214927	0.0438057255722749	0.0867214872100672	0.0216918454080679
"HKB0186_3002_N"	0.0342811921758039	2.40052838198619e-13	1.10847394279724e-09	0.0406501960915624	0.318065815149737	0.0240656194405541	0.0784909616265441	0.0149724996372742
"HKB0194_3000_N"	0.0386821139811581	1.3672526354271e-14	0.0267213207021515	0.0751087841934699	0.162139426583584	0.0507416153846847	0.0101989531748253	0.0112430644811843
"HKB0196_3000_N"	0.0729110453636752	0.0730642263215699	0.0228171546430943	0.111674344891726	0.418768663944763	0.00960927218462561	0.048291033158525	0.0115734189891146
"HKB0198_3000_N"	0.0681064731261167	0.06639800640064	0.0179283394562939	0.0412009464930006	0.345151215147543	0.0181794493192599	0.0764725606777216	0.000977125929405485
"HKB0207_3000_N"	1.22148966486498e-14	0.208542783361295	0.0241782850433673	0.0482133838829024	0.358751743804574	1.22148966486498e-14	0.0247268289833873	0.0171566372098282
"HKB0210_3000_N"	0.00525648307214925	0.058750507311661	0.0658094865055451	0.0828948492206531	0.236807370529465	8.76308906997862e-15	0.0341156740105157	0.0563668698642724
"HKB0211_3000_N"	0.0985023022601874	0.132135681157253	0.089994257405197	0.048234257780094	0.326765093585307	9.73949121113048e-15	9.73949121113048e-15	0.0809840323839251
"HKB0214_3000_N"	0.0382227265935363	0.0158836826166942	0.0258341379578771	0.00374561485322609	0.251306254893926	0.0385863974078267	0.0745061215400492	0.0743578671468392
"HKB0216_3000_N"	0.0557401272222213	0.0720278769879603	0.214314130166432	0.0101878912220468	6.54859560665064e-15	0.0284571876943929	0.20752831090219	0.126857382003566
"HKB0219_3000_N"	0.0827323222165642	0.142623286301876	0.0446887041321128	0.0776550297711599	0.34151301916071	0.0067496352628852	0.056776828640768	0.00797869729889158
"HKB0220_3003_N"	0.0600325899759341	0.260189685892937	0.0444967338720492	0.0352032964404742	0.234030206127939	0.0410658043772587	0.0682326831815546	0.0582371079101736
"HKB0221_3000_N"	0.0357936687630035	0.083652610711987	0.033925059027302	0.059027558674703	0.379942908087622	0.00254379649813558	0.0947284195320156	0.0170584169143339
"HKB0222_3000_N"	0.0713464349895025	0.0786380071559184	0.019873101806545	0.0328628026302496	0.207934715153641	0.0216962093299737	0.0847025973592195	0.0609948982872258
"HKB0225_3000_N"	0.0597201978918417	1.42064282277608e-14	0.0266643682017228	0.0227455480771488	0.134927535926902	0.0256485625948451	0.11077650628557	1.42064282277608e-14
"HKB0226_3000_N"	1.07927502132387e-14	0.119112201943282	0.00459631361431657	0.0301115753188177	0.388266057092834	1.07927502132387e-14	0.0675040817002399	0.0188015215009289
"HKB0227_3000_N"	0.00100611775592661	0.057094925560633	0.0215318535757358	0.00019333005590565	0.444930466348146	1.20911716672852e-14	0.078526479350895	1.20911716672852e-14
"HKB0233_3000_N"	0.0136124355650431	0.0035103537132414	7.61882235182216e-15	0.058193883183592	5.15335029514721e-14	0.0291310842377893	0.0613473606654426	7.61882235182216e-15
"HKB0538_3000_N"	0.067718714928874	0.000998234312406085	0.0158475642716829	0.0113702326565917	0.299416689015872	0.0254178543477783	0.0570598708811888	0.0184179159692075
"HKB0562_3000_N"	0.00912341119678188	1.20297867805805e-14	0.00961933150392769	0.0810901789255832	0.107734504479151	0.069656196766309	0.0514744631461893	0.00809946547362996
"HKB0571_3000_N"	0.00910668771390477	0.155437063304947	2.24671075973352e-14	0.0459004589850455	0.454611747571967	0.00593465337144832	0.0158224488645355	0.0245943004993589
"HKB0574_3000_N"	0.0174271295972808	0.174104768477861	0.032539727868503	0.051225533054373	0.362900893267911	0.0162506432527709	0.0129394388416915	0.0474602649672025
"HKB0577_3000_N"	0.0229575485100034	0.173019719894501	9.04583525936585e-15	0.0823070006646607	0.382421574955798	0.00700428156040555	0.06053166306247	0.0734936879277326
"HKB0583_3000_N"	1.28455965134197e-14	0.0278035881176411	1.28455965134197e-14	0.0300428814750638	0.406277041108692	1.28455965134197e-14	0.102520143186993	0.00702659177269336
"HKB0597_3000_N"	6.88225886308522e-15	0.14259080682551	0.0261960023762543	0.286733928380578	0.308769897611388	6.88225886308522e-15	0.0372391507702408	0.0201769579323388
"HKB0618_3000_N"	9.7295760873538e-15	0.159738281563001	0.0326866442507019	0.0360542567339853	0.412465526614853	9.7295760873538e-15	0.0202217662601326	0.0369269524419849
"HKB0636_3000_N"	0.0182227381220513	0.0690447340750395	0.0401136439354687	0.0391636329732714	0.233758995974244	0.0340863121279527	0.12257088713469	0.0272173844906703
"HKB0648_3000_N"	0.110387940393789	0.135938207369099	0.0292739235207062	0.0747306026936812	0.254716867359353	0.0715281620753204	0.0551758896489609	0.0728782701553724
"HKB0651_3000_N"	0.0971835810849236	1.44939777594492e-14	0.0559078824272942	0.0131874361009247	0.195356080430392	0.0362167055844272	0.0557001942715299	1.44939777594492e-14
"HKB0657_3000_N"	1.39703749131993e-14	1.39703749131993e-14	0.0576353899387977	0.0465740007832564	0.396891711306671	0.0308987644416411	0.0570056095222758	0.00387311795011983
"HKB0663_3000_N"	1.32034980174886e-14	0.0917908301271841	1.32034980174886e-14	0.00702743325764535	0.388267436615718	0.0218750161853868	0.17394647009514	0.00765048230962998
"HKB0666_3000_N"	1.48608379570295e-14	0.0339022754252307	0.00416927079473707	0.0589150444294281	0.521381849209105	1.48608379570295e-14	0.0141249339111197	1.48608379570295e-14
"HKB0672_3000_N"	0.0467304908388575	0.165869799523706	0.0568968507136895	0.0356085226553356	0.322376723168638	0.0332396945228879	0.124638096207402	0.03159279239474
"HKB0710_3001_N"	0.0392904819414231	0.0113137562014452	0.0550225367286405	0.0643169441083911	0.373548267529694	1.24989439209965e-14	0.0635026414124373	0.0201971349773766
"HKB0718_3001_N"	0.0513503107372618	0.0565918238917567	0.0719878983835193	0.00948798220072577	0.350395306057825	0.0274869154035632	0.0811704717138213	0.0303792748154686
"HKB0719_3001_N"	8.64462322125325e-15	0.0523802937146908	8.64462322125325e-15	0.319831466859331	0.293036512026012	8.64462322125325e-15	0.00815593170157862	0.000422504018012415
"HKB0722_3001_N"	0.0250229941106018	1.43599117024838e-14	1.43599117024838e-14	0.0494147260200056	0.401513726586309	0.024402969841781	0.078428718269387	0.0117159369391802
"HKB0744_3001_N"	1.04380249142546e-14	0.160090817398852	0.019666693311639	0.0196162230821133	0.381332838090413	1.04380249142546e-14	0.0513962932203115	0.0371201653384204
"HKB0748_3001_N"	0.0112950366851806	0.175533668820015	0.0545773527854164	0.0600675626312781	0.353564850530676	9.81755296378511e-15	5.93152964501877e-05	0.0865154542051687
"HKB0751_3001_N"	1.26481315512568e-14	0.0116106974857004	1.26481315512568e-14	0.00251469922851746	0.413820616272423	1.26481315512568e-14	0.101741951196677	0.0201144913379973
"HKB0752_3001_N"	0.0833427647614828	1.24136233496087e-14	0.00586201844319936	0.00677833346164131	0.345429893984808	4.90260663783428e-13	0.0664405456307686	0.00773530176929029
