"ID"	"S01"	"S02"	"S03"
"HKB0004_3006_T"	1.20950855593241e-14	0.0365850134744624	0.118815394209032
"HKB0005_3001_T"	0.00411166591718247	0.0151453954054953	0.176635187883356
"HKB0006_3006_T"	0.0111126311647545	1.00774553633012e-14	1.00774553633012e-14
"HKB0007_3005_T"	0.207211365390435	0.158936166559594	0.354431532061209
"HKB0008_3006_T"	0.194915651984344	0.232339164195141	0.0769042822494543
"HKB0016_3006_T"	0.24289161425427	0.12460942529282	0.0978297665148333
"HKB0019_3006_T"	0.00524686321689344	0.0744357162835597	0.174714118219496
"HKB0023_3006_T"	0.130021690187265	2.38384136545645e-14	0.0330954862264532
"HKB0031_3001_T"	1.24428943224133e-14	0.168549674249176	1.24428943224133e-14
"HKB0033_3006_T"	0.0213319508687252	0.156171879487565	0.00532025153220528
"HKB0035_3006_T"	0.35436897211628	0.0230897673895142	0.17914549452085
"HKB0036_3006_T"	0.00249556597822087	0.0264937486320972	0.185573609620551
"HKB0038_3006_T"	0.0109757559971987	0.143474786961538	0.0745281082874243
"HKB0040_3002_T"	0.488863804874525	0.109567444921321	0.17866547463151
"HKB0044_3006_T"	0.24063776497592	0.113608375957584	0.35788636061447
"HKB0049_3006_T"	0.155050527167101	0.147323236567873	0.0610021276917114
"HKB0050_3005_T"	0.424606389776341	0.0504932205218845	0.301167315374384
"HKB0052_3000_T"	0.457420321025922	0.0777589893033341	0.0627824887133189
"HKB0054_3000_T"	0.486778889251283	0.0939457990142895	0.132638287126935
"HKB0056_3002_T"	0.0652579684290238	0.144495473091344	0.342780608604889
"HKB0064_3004_T"	1.32701891968176e-14	0.339608330159568	1.32701891968176e-14
"HKB0065_3006_T"	0.188620750711649	0.0760848769578824	0.39433361457328
"HKB0067_3006_T"	0.17695913149662	0.231615561820233	0.0797740840316735
"HKB0069_3000_T"	0.382569714222716	0.13302342258826	0.271900745095785
"HKB0070_3002_T"	0.0079135878643856	0.22948277347521	0.053376040147668
"HKB0074_3000_T"	0.482846856654805	9.09280684638757e-15	0.106996738611009
"HKB0078_3000_T"	1.62481717834051e-14	1.62481717834051e-14	0.0035536500715772
"HKB0079_3006_T"	0.321686955295942	0.0760003089979325	0.347800340749265
"HKB0080_3006_T"	0.0190932728771545	1.41577565053063e-14	1.41577565053063e-14
"HKB0082_3006_T"	0.261195523555454	0.101216981675314	0.458590908102525
"HKB0084_3000_T"	0.113004411935041	0.0309609776734941	0.267126382785114
"HKB0086_3006_T"	0.00308977972188413	0.0957767636164994	1.66102793871237e-14
"HKB0088_3000_T"	0.0503804708661127	0.109063466791715	0.215058813871175
"HKB0089_3001_T"	0.17630171105304	0.222359316438303	0.103362032568165
"HKB0091_3001_T"	0.262228475118927	0.152200341534147	0.392531186155175
"HKB0092_3000_T"	0.0024168176443963	1.87176545821688e-08	0.0482339320648948
"HKB0094_3006_T"	0.478233369699478	1.13449447605697e-14	0.130825542939905
"HKB0096_3001_T"	1.07786778535881e-14	1.07786778535881e-14	1.07786778535881e-14
"HKB0097_3000_T"	0.00871607093814595	2.00587792319997e-14	0.0374151511948767
"HKB0098_3005_T"	0.353961845669429	0.186347753862278	0.251654885449572
"HKB0100_3006_T"	0.00920059246463305	0.00616523453096963	7.88303545836496e-15
"HKB0101_3000_T"	0.332913185690366	1.69413844438325e-14	0.0534581236371641
"HKB0102_3006_T"	2.2676731709139e-14	0.0553925610974988	0.0461687853760011
"HKB0104_3006_T"	8.33413524305547e-15	8.33413524305547e-15	8.33413524305547e-15
"HKB0106_3006_T"	0.00287233926432314	1.66556503483369e-14	1.66556503483369e-14
"HKB0108_3000_T"	9.73547963358859e-15	9.73547963358859e-15	0.0044419308233162
"HKB0109_3006_T"	0.0361556067048279	0.0371586602980941	0.0627095287828219
"HKB0115_3006_T"	0.299823206289207	0.0054404344925946	0.177687038232696
"HKB0120_3000_T"	0.329232812933442	0.19002043557947	0.0344235244393923
"HKB0121_3006_T"	0.180262952164105	1.62174177672579e-14	0.261199851755957
"HKB0123_3006_T"	1.04537794994974e-14	0.0240238973374015	1.04537794994974e-14
"HKB0124_3003_T"	1.23990140254323e-14	1.23990140254323e-14	1.23990140254323e-14
"HKB0125_3006_T"	6.41993259342942e-15	6.41993259342942e-15	0.0055503277979344
"HKB0127_3006_T"	0.429336126782255	0.0814456358830501	0.0258054862623736
"HKB0129_3000_T"	0.510032157745341	1.00866225044024e-14	0.0296995300635022
"HKB0132_3006_T"	0.274926806822087	0.00346592414252179	0.0576111718934584
"HKB0134_3006_T"	0.22987901116902	0.100359837377421	0.312722398585535
"HKB0137_3002_T"	0.161006852950344	0.186157635560829	0.299452937503437
"HKB0141_3006_T"	0.03718541112042	1.83495229364308e-14	0.0111675028157238
"HKB0143_3006_T"	0.310530128107072	0.21394396604116	0.162946733532745
"HKB0147_3000_T"	1.10481337184754e-14	0.0115983912961314	1.10481337184754e-14
"HKB0150_3006_T"	8.2229552466857e-15	8.2229552466857e-15	8.2229552466857e-15
"HKB0155_3000_T"	0.360447393452247	0.136831276018581	0.118003447300039
"HKB0157_3006_T"	0.176653079713359	1.66431226976772e-14	0.101622232000795
"HKB0158_3006_T"	0.22489987562349	0.146403412456867	0.0761548792265627
"HKB0159_3006_T"	1.89451982890088e-14	0.0271871648487201	0.0770506987504535
"HKB0160_3000_T"	1.70518463658146e-14	0.0629565189709664	1.70518463658146e-14
"HKB0161_3001_T"	0.214633175453845	0.0638607009521359	0.0283782183110543
"HKB0162_3006_T"	0.302623269067361	0.0841925713185842	0.162200031401302
"HKB0164_3006_T"	0.0178527947485346	0.182700706230656	1.7163928003989e-14
"HKB0167_3006_T"	0.358041484671687	0.167330320353815	0.238461344647688
"HKB0168_3006_T"	0.0705641517053852	2.01193244299066e-14	2.01193244299066e-14
"HKB0179_3006_T"	0.0406634866768076	0.150750517834882	0.159250999120135
"HKB0182_3006_T"	0.106214903185659	0.0578314836328626	0.0211332921528338
"HKB0186_3000_T"	0.463998685534308	0.147784554804231	0.097679802801367
"HKB0191_3001_T"	0.10539118294523	0.157337748616881	0.19462194992725
"HKB0194_3006_T"	0.299773833639302	0.107287707485451	0.242142144612064
"HKB0196_3006_T"	0.00695111051331902	0.0350222544732982	1.7388867415845e-14
"HKB0207_3001_T"	0.240449647719707	0.0556264501376238	0.130549292756747
"HKB0208_3006_T"	0.0345107916719664	0.0252884064599386	0.0274107921152584
"HKB0209_3004_T"	0.0163999854453131	0.13437711151289	0.107694202230694
"HKB0210_3006_T"	0.00741314305203526	0.0259783786359396	0.114089662082595
"HKB0211_3002_T"	0.0629161619191811	0.0527656945906037	0.068079622563937
"HKB0214_3006_T"	0.432980480009804	1.20373936908525e-14	0.229583850333972
"HKB0217_3005_T"	1.07768237001803e-14	1.07768237001803e-14	0.0161709494686827
"HKB0219_3001_T"	0.0160061507198992	0.0464347535811676	0.0189791952750375
"HKB0220_3000_T"	0.469586773087012	0.112969385089234	0.201544771474048
"HKB0221_3001_T"	1.5848502852236e-14	0.133954279434196	0.169496517882614
"HKB0222_3006_T"	0.0907070170448383	0.193839192117709	0.0122776964234151
"HKB0225_3001_T"	1.00122571184145e-14	0.00432986236869403	1.00122571184145e-14
"HKB0226_3001_T"	1.84479159969634e-14	0.0637880240819687	0.0475219072711324
"HKB0227_3006_T"	0.025051482100491	0.20107407338792	0.0666991521920606
"HKB0228_3002_T"	0.00617856357154494	0.0191398296860114	0.197157305325582
"HKB0230_3006_T"	1.55530582981341e-14	0.0477292886520638	1.55530582981341e-14
"HKB0232_3000_T"	8.43971418041648e-15	8.43971418041648e-15	8.43971418041648e-15
"HKB0233_3006_T"	5.16233432594998e-15	5.16233432594998e-15	5.16233432594998e-15
"HKB0540_3000_T"	1.52367818390268e-14	0.0332076100880199	0.0438601991395527
"HKB0552_3000_T"	0.0296166944066788	0.0901296613846322	2.07171895193385e-14
"HKB0558_3000_T"	0.10462427941651	0.0455836499186066	0.0455174528787281
"HKB0564_3000_T"	0.113452934661936	1.73613402995866e-14	0.0131500034584136
"HKB0573_3000_T"	0.417272583777985	0.109572937782469	0.185651948642054
"HKB0576_3000_T"	0.0076007054724879	0.320420888272104	0.119432019511116
"HKB0579_3000_T"	0.424762851114666	0.115445142689478	0.132820404252356
"HKB0585_3000_T"	8.81515633069468e-15	8.81515633069468e-15	8.81515633069468e-15
"HKB0599_3000_T"	1.54359163241872e-14	0.187498794490558	0.236705079823724
"HKB0605_3000_T"	0.312009903038152	0.12795899689068	0.161158004293028
"HKB0620_3000_T"	0.266885453033041	0.0310619972151149	0.0679781226547182
"HKB0626_3000_T"	1.24284050604274e-14	0.0298304754778907	0.00910384964337855
"HKB0629_3000_T"	1.23462011316722e-14	0.0289814981415024	0.00972693518001801
"HKB0638_3000_T"	0.0661701814078599	1.50041195911006e-14	0.00131986914391067
"HKB0644_3000_T"	0.00593101668772492	0.0160952951708592	0.0287750138703633
"HKB0650_3000_T"	0.501749238049864	9.02550384813637e-15	0.251090242169127
"HKB0653_3000_T"	0.20989753103629	1.48286904098083e-14	0.234583967169261
"HKB0656_3000_T"	1.46619227821203e-14	0.0312284541182741	0.00126595238464315
"HKB0659_3000_T"	0.405810246813199	0.164647466139193	0.263817381911676
"HKB0665_3000_T"	0.00796294481987097	0.0133954311961121	1.3941728776718e-14
"HKB0668_3000_T"	0.0609791509210338	0.0940236025962421	0.161387677375346
"HKB0674_3000_T"	0.42279559301875	0.11783391481201	0.189222178924146
"HKB0677_3000_T"	0.0486297334594842	0.0514429816183358	0.00813179226278292
"HKB0683_3000_T"	0.34578229391795	0.0313401617540347	0.212462116000466
"HKB0692_3000_T"	1.04375972104915e-14	1.04375972104915e-14	1.04375972104915e-14
"HKB0698_3000_T"	0.0281211247990178	0.138052900029082	0.102454132780649
"HKB0701_3000_T"	0.0496404545977536	0.136308027863332	0.0748035014657833
"HKB0704_3000_T"	1.09893271488055e-14	0.0391548838392843	0.0656885040620582
"HKB0710_3000_T"	0.256331023862146	0.179023542533155	0.360168260449582
"HKB0713_3000_T"	1.14452882007474e-14	0.0577533525887285	2.17713191790663e-11
"HKB0718_3000_T"	0.285205677860426	0.14227068694017	0.314498652220905
"HKB0719_3002_T"	0.287680982774484	0.0207168617833003	0.020877069088929
"HKB0721_3000_T"	0.0498406369158455	0.00356510702432511	0.0842820213134665
"HKB0722_3002_T"	0.043168135970112	0.137579423140101	0.163334027189014
"HKB0726_3000_T"	1.20349668154856e-14	0.0198156092742371	1.20349668154856e-14
"HKB0734_3000_T"	1.44886796358617e-14	1.44886796358617e-14	1.44886796358617e-14
"HKB0736_3000_T"	0.464677709450214	0.0775941587236426	0.159796260647338
"HKB0737_3000_T"	0.342085569888838	0.126815245617397	0.14856565908739
"HKB0744_3000_T"	1.18253136014052e-14	0.0326969050007846	0.00965552069714056
"HKB0748_3000_T"	0.179215891286556	0.0751407260858448	0.107005953744346
"HKB0750_3000_T"	8.58189264125207e-15	0.0663175484690352	0.00931266274330742
"HKB0751_3000_T"	0.471383711759204	0.112311794182778	0.223256964577319
"HKB0752_3000_T"	0.269053405422706	0.190561524193415	0.182971223343211
"HKB0004_3000_N"	0.182763090306714	1.1525441614264e-14	0.0282830073925127
"HKB0005_3000_N"	0.0227526753229939	0.0029494457003695	0.0118227433293521
"HKB0006_3000_N"	0.0363453909095742	0.00273191732341625	1.35363164699831e-14
"HKB0019_3000_N"	1.87037744419829e-14	0.0902632066888354	0.0266938069829333
"HKB0023_3000_N"	0.0201354640136169	0.0682753245869543	0.00720335345377595
"HKB0033_3000_N"	1.82011391712694e-14	0.093810540203695	0.0132628097427326
"HKB0035_3000_N"	0.00960709912576387	0.0080200898990317	1.58314058304416e-14
"HKB0036_3000_N"	0.098781448068292	0.064769872037433	0.0380075085109593
"HKB0038_3000_N"	0.126833121855691	0.0489890470038516	1.34791352456164e-14
"HKB0040_3000_N"	0.310401302789987	0.0798920471720485	0.047929377676921
"HKB0044_3000_N"	0.0233620685289677	1.5216128973645e-14	1.5216128973645e-14
"HKB0049_3000_N"	0.00883771749393843	0.21170651134326	0.0522651835511115
"HKB0050_3000_N"	0.0562912010585072	1.60762461813261e-14	0.0132243501419601
"HKB0052_3004_N"	0.112271484828653	0.123360579619619	1.34565741551214e-14
"HKB0064_3000_N"	1.22196118523578e-14	0.0433710806750862	0.014282094082777
"HKB0067_3000_N"	1.28166517632492e-14	0.28038704102039	0.0136403750182649
"HKB0074_3003_N"	0.0789059113349915	0.0696154674090478	0.0252180468669948
"HKB0079_3000_N"	0.0220874609002622	1.2581562616096e-14	1.2581562616096e-14
"HKB0094_3000_N"	0.0240928435357187	0.0371412380318552	0.00489826391301584
"HKB0096_3000_N"	0.0323999857341151	0.152140573962546	0.02798588492534
"HKB0097_3004_N"	9.05738320662157e-15	0.141327198721459	0.0363048888188492
"HKB0098_3000_N"	1.3078622803554e-14	0.0683915703997115	0.0208725666550654
"HKB0102_3000_N"	0.0169854397301637	0.0186139913467399	0.019439600912941
"HKB0106_3000_N"	1.61081309345281e-14	0.168443321084891	0.013780694465239
"HKB0109_3000_N"	1.17337739273611e-14	0.309647916950763	0.0110246002732184
"HKB0115_3000_N"	1.57300285578131e-14	0.117339489139044	0.00487413694098526
"HKB0120_3002_N"	0.0362776339977278	1.34111499971681e-14	1.34111499971681e-14
"HKB0121_3000_N"	0.0319933295265874	0.128036243142716	0.0133795682007284
"HKB0122_3002_N"	2.04386942712545e-14	0.110081518953319	3.61450434154263e-10
"HKB0123_3000_N"	0.0303089401859014	0.0326073052159837	0.0550835851691399
"HKB0124_3000_N"	1.44669724131274e-14	0.0672900253870685	2.10942395763441e-05
"HKB0127_3000_N"	1.60628031261962e-14	0.00081218534297147	1.60628031261962e-14
"HKB0129_3002_N"	1.33894387997335e-14	0.162093588095819	0.0144340360687654
"HKB0132_3000_N"	1.38639677573014e-14	0.212061401652788	0.0111836605145768
"HKB0133_3000_N"	0.010651621328373	0.236574646533634	0.00594270464774157
"HKB0134_3000_N"	1.0864655706032e-14	1.0864655706032e-14	1.0864655706032e-14
"HKB0137_3000_N"	2.11775337491228e-14	2.11775337491228e-14	2.11775337491228e-14
"HKB0141_3000_N"	0.0107664764417635	1.29376673356952e-14	1.29376673356952e-14
"HKB0143_3000_N"	1.90174134034362e-14	0.0816318550354911	2.74382940274228e-13
"HKB0149_3000_N"	0.010734623750543	0.0752680485868197	2.1356725829392e-14
"HKB0150_3000_N"	0.0648260564405802	0.060606112320239	0.0136435861985929
"HKB0155_3003_N"	1.43122173017916e-14	0.049438254275662	0.00342085932548009
"HKB0157_3000_N"	1.30467477461982e-14	0.28570315598582	0.0240949777424696
"HKB0158_3000_N"	1.52705635461474e-14	0.08480449648093	0.0106771431334238
"HKB0159_3000_N"	0.0609520002790103	0.0459702489866335	1.62894592843238e-14
"HKB0160_3001_N"	0.00182032398548803	0.0582222011373475	0.00669146163576664
"HKB0161_3000_N"	0.0200923567831383	0.0179754704574974	0.0198932975401193
"HKB0162_3000_N"	1.4481517236974e-14	0.277875530462583	0.0418954657829172
"HKB0164_3000_N"	1.67851414502846e-14	0.0279258191565699	1.67851414502846e-14
"HKB0167_3000_N"	0.214541404499194	0.0770057011949574	0.164985099361728
"HKB0168_3000_N"	8.8760806004802e-10	1.20836909829469e-14	1.20836909829469e-14
"HKB0179_3000_N"	0.034376293698113	0.0603232797515251	0.0383390904163622
"HKB0186_3002_N"	0.140220203457457	0.0161563403026076	0.0140857662700769
"HKB0194_3000_N"	0.0703493642744157	1.22032243668541e-14	0.0139367017092496
"HKB0196_3000_N"	0.0769976262004875	0.121816184301406	0.0788654587162927
"HKB0198_3000_N"	0.132355319776165	0.0998812486701769	0.0103434977077671
"HKB0207_3000_N"	1.4144419918421e-14	0.267961642111361	0.0439909175679897
"HKB0210_3000_N"	0.00160841072954012	0.159007621846483	0.0791472879486699
"HKB0211_3000_N"	0.18073077438048	0.179235171485509	0.1808383652845
"HKB0214_3000_N"	0.0292251454496364	0.0566078340800059	1.65581562167622e-14
"HKB0216_3000_N"	0.00701720403658237	0.276485347854114	0.31887446562719
"HKB0219_3000_N"	0.101754057143902	0.131787865507778	0.0604666541730541
"HKB0220_3003_N"	0.0597965135361727	0.390586238794446	0.149307610137595
"HKB0221_3000_N"	0.0115591019406987	0.0739702428429374	0.0569268770158368
"HKB0222_3000_N"	1.44716756963792e-06	0.105651756034643	0.079837048700438
"HKB0225_3000_N"	0.150643785590853	1.40235110285608e-14	0.0513287229190273
"HKB0226_3000_N"	1.43750880290024e-14	0.235365009414093	0.0203770180858979
"HKB0227_3000_N"	1.72972152685123e-14	0.20001113330408	0.0208763897523183
"HKB0233_3000_N"	0.00928545059150686	0.00641279392258516	1.52775946022029e-14
"HKB0538_3000_N"	0.0535260386676638	1.04272961864706e-14	0.0212617403060834
"HKB0562_3000_N"	0.0243990566290344	1.34916209369694e-14	1.34916209369694e-14
"HKB0571_3000_N"	1.52339732883245e-14	0.179056849870928	0.0369785903810865
"HKB0574_3000_N"	0.0254683199456587	0.208034201510222	0.0232697418890297
"HKB0577_3000_N"	0.000116399150629212	0.215947295290691	0.00196425040122086
"HKB0583_3000_N"	0.000646948266192099	0.052547487023286	1.48190677124212e-14
"HKB0597_3000_N"	1.14601084349429e-14	0.284020104868042	0.0808080808401684
"HKB0618_3000_N"	1.25554120369853e-14	0.242345242511698	0.0328252528522309
"HKB0636_3000_N"	0.0952119989799161	0.0951655042318651	0.0462780410511264
"HKB0648_3000_N"	0.246837260414844	0.266883080026481	1.18916435386901e-14
"HKB0651_3000_N"	0.057833794026518	9.61836797834309e-15	0.0205702024662694
"HKB0657_3000_N"	0.0469645031286199	1.5625991385452e-14	0.0220738729229285
"HKB0663_3000_N"	2.08182222102167e-14	0.166352213219438	0.00802376953225996
"HKB0666_3000_N"	1.77488261314086e-14	0.0563150464708759	0.00751388975067737
"HKB0672_3000_N"	0.0840143759413137	0.248327876902493	0.0938898591895078
"HKB0710_3001_N"	0.0511673316440642	0.0588279127254918	0.0686349782714618
"HKB0718_3001_N"	0.113200965059708	0.0656905300449061	0.0958944680951938
"HKB0719_3001_N"	1.63598883612168e-14	0.0619002309443708	0.0617888345845857
"HKB0722_3001_N"	0.0500687546935362	0.0257449185389634	1.67157472734718e-14
"HKB0744_3001_N"	1.19829987821041e-14	0.287803070110049	0.0541915055757302
"HKB0748_3001_N"	0.0170394128585559	0.214024158561773	0.00972033809101513
"HKB0751_3001_N"	1.69502182044591e-14	0.0478551786555218	0.00761389536759255
"HKB0752_3001_N"	0.0254698060583181	7.71770839591243e-15	7.71770839591243e-15
