"ID"	"S01"	"S02"	"S03"	"S04"	"S05"	"S06"
"HKB0004_3006_T"	0.029115772812101	0.0140739602711298	0.0364060549468238	0.0283986948436958	8.00127171543723e-15	0.0763483693905301
"HKB0005_3001_T"	9.36206371712634e-12	0.0378445080405436	0.0407366249355321	0.0482038394093365	9.47093408930295e-15	0.121415641177421
"HKB0006_3006_T"	1.12387370333823e-14	0.00457448021207548	0.211688176178766	0.0336698687128171	1.12387370333823e-14	0.0585254151647235
"HKB0007_3005_T"	0.215173858830036	0.164601700376875	1.30635499373765e-14	0.057971812716042	1.30635499373765e-14	0.207870046212946
"HKB0008_3006_T"	0.00481831538992634	0.258857161987932	0.0176368104343503	0.0642183351172205	1.31338107742688e-14	0.0977519026832305
"HKB0016_3006_T"	0.0172093308055476	0.176420595833511	1.49926405764812e-14	0.0308037241350068	1.49926405764812e-14	0.172251031172637
"HKB0019_3006_T"	0.00940667937978877	0.0502808135380201	0.0103953109982881	0.0911326070776919	1.24541906402524e-14	0.108730361678893
"HKB0023_3006_T"	0.0383794240901601	9.9985603596621e-15	0.0360818156856886	0.188807831443753	0.00202581502936024	0.0705101417020152
"HKB0031_3001_T"	1.53219534286559e-14	0.176112128392097	0.0753819841258256	0.00131593805244516	1.53219534286559e-14	0.0113251830173716
"HKB0033_3006_T"	1.64502159351505e-14	0.0332143486185067	1.64502159351505e-14	0.0286403946153846	1.64502159351505e-14	0.0393834817343943
"HKB0035_3006_T"	0.0628378420546313	0.0802313195089202	0.0294130785302134	0.0855702105121734	0.00958672820170571	1.88137251747607e-14
"HKB0036_3006_T"	0.00696463966436996	0.00549762097520281	0.0867380342319285	0.285159249883585	9.57267170792531e-15	0.0883834561756272
"HKB0038_3006_T"	1.66921277140141e-14	0.0623134095195043	0.000788861300544269	0.043000053104162	1.66921277140141e-14	0.0659602740643001
"HKB0040_3002_T"	0.390665364783329	0.324839191620343	6.79686450443302e-15	0.0487710405494391	6.79686450443302e-15	0.0405095784296605
"HKB0044_3006_T"	0.162198770945057	0.168755464125304	0.00823890949799213	0.217442961475702	8.82760219157407e-15	0.0745297629532989
"HKB0049_3006_T"	0.0986347426493871	0.0860018480541315	0.0204207381963061	0.0550586864907879	0.0130150457309664	0.0499091099187357
"HKB0050_3005_T"	0.17913590637829	0.264187739608284	1.40650276030502e-14	0.0861340920308118	1.40650276030502e-14	0.0418500568320903
"HKB0052_3000_T"	0.125855639982731	0.114660352184958	0.0227434544264306	0.00954593221992519	0.0176869346780642	0.00549468012375819
"HKB0054_3000_T"	0.330197314169383	0.239756419491241	0.0745911862950263	0.0105757506866094	1.1136685819468e-14	1.1136685819468e-14
"HKB0056_3002_T"	0.11935379348445	0.0879885531246732	0.0535699709848955	0.0491828854987217	8.81196554279434e-15	0.0494103205999411
"HKB0064_3004_T"	0.00563475708962178	0.290337214867817	0.0796762633425586	1.43468722369538e-14	0.0789101581541194	0.0941891554602998
"HKB0065_3006_T"	0.032429948417457	0.123260038349689	0.0366261769213613	0.0139586043356804	1.1532750819529e-14	0.0646976717635884
"HKB0067_3006_T"	4.38807995937821e-05	0.284562650443636	1.70241124606189e-14	0.00270113434321914	1.70241124606189e-14	0.00202151053244335
"HKB0069_3000_T"	0.269039081087177	0.179547863488663	0.00162289940222215	0.11822143583052	1.13961509905103e-14	0.142091035030551
"HKB0070_3002_T"	1.85587640736049e-14	0.153787342012048	0.0471625425632089	1.85587640736049e-14	0.0230633335956656	0.0220408864696867
"HKB0074_3000_T"	0.195126159941409	0.151893422939574	0.0598076872133598	0.13275579495275	0.0791040316458247	0.0392049331729661
"HKB0078_3000_T"	3.26122645826955e-12	0.0361698309570068	0.0115348668218601	0.131842628326278	1.37738076653569e-14	0.0486831028789274
"HKB0079_3006_T"	0.270199060297262	0.152560672732872	8.00534908371763e-15	0.0524694272156751	8.00534908371763e-15	0.0524241526341824
"HKB0080_3006_T"	0.0349441021664828	0.00539815788156391	0.0304378392186026	1.40148526616563e-14	1.40148526616563e-14	0.18109356034535
"HKB0082_3006_T"	0.283221148686307	0.234010944491308	0.00378925201859325	0.0624696284792211	1.10413797725142e-14	0.138336398004383
"HKB0084_3000_T"	0.126080247851575	0.115314218727281	0.0182903106216857	1.04055317885715e-14	1.04055317885715e-14	0.0425622058018647
"HKB0086_3006_T"	1.43166250015877e-14	0.0592306531279715	1.43166250015877e-14	1.43166250015877e-14	1.43166250015877e-14	0.106952778832339
"HKB0088_3000_T"	0.0182779723137262	0.18593419670153	1.62321721681904e-14	3.53686937066923e-07	0.0148621116256952	0.0846663587231471
"HKB0089_3001_T"	0.0266578569300983	0.152171971864195	0.0300666308663365	0.161120413280609	3.78816364477004e-10	0.253301391502768
"HKB0091_3001_T"	0.103084666872915	0.36542306262974	0.0711255570201646	0.0085010768232676	0.00187082873091047	0.0649928228167215
"HKB0092_3000_T"	9.46629918655897e-15	0.00784250455774146	0.0670113338586255	0.0426411484911998	9.46629918655897e-15	0.179532673062442
"HKB0094_3006_T"	0.240727137188001	0.0770008454301094	0.0656489568081713	0.0599475828700705	0.00717913397820915	0.0131778024117765
"HKB0096_3001_T"	1.39590123800082e-14	3.00034816250321e-08	0.0254493307775393	1.39590123800082e-14	0.010911461728564	0.00612464164697065
"HKB0097_3000_T"	0.00684528079440032	1.99327995304475e-14	0.0246368574577282	4.07322385087369e-09	1.99327995304475e-14	1.99327995304475e-14
"HKB0098_3005_T"	0.227018061224787	0.142880677738176	0.0533520657348067	0.0420126259569726	0.022374231824807	0.00584856742625668
"HKB0100_3006_T"	0.0417251763995242	0.00486731753968766	0.0618887362715118	0.0526844657267679	8.69684171294371e-15	8.69684171294371e-15
"HKB0101_3000_T"	0.112046366720883	0.0459327980663216	1.72209595038618e-14	0.00862567031504029	1.72209595038618e-14	0.137637621366973
"HKB0102_3006_T"	1.79759846624972e-14	0.0408561881426062	0.0586325215076823	0.0340384700688761	0.00309949839151761	0.0150374349578803
"HKB0104_3006_T"	0.00513480024635797	1.02463281540165e-14	0.190121331234694	0.00290991838925624	1.02463281540165e-14	0.0151269287788791
"HKB0106_3006_T"	0.0058093798446149	1.03516626516614e-14	0.0272476173219122	0.265598302971	1.03516626516614e-14	0.101279889238114
"HKB0108_3000_T"	1.18610060522361e-14	1.18610060522361e-14	0.0301922960423512	0.0302882748846207	1.18610060522361e-14	0.0477251195375789
"HKB0109_3006_T"	0.0223093153504915	0.0255727064046218	0.0479393866328627	0.0018662458899132	1.85944789535557e-14	0.00490947779857027
"HKB0115_3006_T"	0.0466944643497165	0.101945235490783	1.77423459754563e-14	0.115385419658079	1.77423459754563e-14	0.0357504403227553
"HKB0120_3000_T"	0.0501363809535125	0.311185094573086	0.00270550255206673	0.111367669072213	0.0418549531189194	0.153671711460594
"HKB0121_3006_T"	0.0939731631817856	0.0501685565775757	1.44267280569586e-14	1.44267280569586e-14	1.44267280569586e-14	0.0049003271479425
"HKB0123_3006_T"	1.5017134114065e-14	0.0154617882232139	0.007920242217598	1.5017134114065e-14	1.5017134114065e-14	0.142931381898503
"HKB0124_3003_T"	1.81949821514063e-14	1.81949821514063e-14	0.0134725651680644	1.81949821514063e-14	0.0121381640024431	0.113150100968472
"HKB0125_3006_T"	9.73482422764348e-15	0.032143142552269	0.043578748694894	0.00131080615269301	9.73482422764348e-15	0.08448191078747
"HKB0127_3006_T"	0.135998325954535	0.112679523415496	0.0847394044079837	0.00318667691399771	0.00769767332543397	0.0109410185346028
"HKB0129_3000_T"	0.20797370721206	0.0399653089291663	0.0519775558560044	0.0288008196610421	0.103344731313717	3.11376467900439e-06
"HKB0132_3006_T"	0.169344200309464	0.00237787147444252	0.0541486105588984	0.0675557368631218	1.3049524666217e-14	0.11280107637637
"HKB0134_3006_T"	0.125387873435782	0.132343301264328	0.152896870642209	0.094478920993146	8.91722968259314e-15	0.0552342745195028
"HKB0137_3002_T"	0.0699851492303341	0.155290928866496	0.018491626914935	0.169555749921975	1.25071346767091e-14	0.128479237578909
"HKB0141_3006_T"	0.0329967181245498	0.00907931889696692	0.00569894436319969	0.0101192196747094	0.00243052905331802	0.0876495724385146
"HKB0143_3006_T"	0.0455129055406617	0.18357032546914	0.0451622650291101	0.013470209312826	1.24241908474974e-14	0.243865921761154
"HKB0147_3000_T"	1.45692681095062e-14	0.0091018282169975	0.144102717478484	0.00539401638844842	0.00148655056886725	9.74435918715629e-10
"HKB0150_3006_T"	1.04530620473383e-14	1.04530620473383e-14	0.0154697065049495	0.0193752155372394	1.04530620473383e-14	0.0655960891427231
"HKB0155_3000_T"	0.13266585664673	0.109922763903526	0.0111088648541809	0.0263353540737227	0.0138389375103344	0.037542594370674
"HKB0157_3006_T"	0.0347371630395933	0.0309618615978104	0.0566776339276477	0.0110501703361749	1.29376604354523e-14	0.0198622554316427
"HKB0158_3006_T"	0.0130460694917412	0.106016169621864	0.146715571345022	1.11092919957046e-14	0.0249374980647844	0.166654601956271
"HKB0159_3006_T"	0.0152845319322211	0.0144672055016364	0.0909401292049	0.13945735442847	1.24782858246279e-14	0.0745114545885696
"HKB0160_3000_T"	1.21562569642165e-14	1.21562569642165e-14	0.026061735452805	0.0160110545122659	0.464208133004498	0.0428737837033518
"HKB0161_3001_T"	0.0676804282649414	0.0200837021798414	0.0776214019727152	0.0663456966045657	0.0469824161068561	0.0470337477765063
"HKB0162_3006_T"	0.0854601885031087	0.09469289489571	0.00505245699408522	0.13503322921792	8.52187432611169e-15	0.184035536192959
"HKB0164_3006_T"	0.0590770472292183	0.125547385925233	1.57650840541305e-14	0.0019339077577155	0.0512960389707242	0.180240196058371
"HKB0167_3006_T"	0.287823207158386	0.321510990277396	7.21177030303139e-15	0.0717256040594356	7.21177030303139e-15	0.078369563446019
"HKB0168_3006_T"	0.110181526439556	1.46723512206878e-14	0.0556631043426508	0.0579475651350122	1.46723512206878e-14	0.150274220962928
"HKB0179_3006_T"	0.0159282568425275	0.0207153276931225	0.0633515269749216	1.78257692889687e-14	1.78257692889687e-14	0.127315095991405
"HKB0182_3006_T"	0.0643761251465358	1.29522777920287e-14	0.00357008870817545	0.0720468824283268	0.00550541796732713	0.222427773560628
"HKB0186_3000_T"	0.21456171274638	0.172349445720713	0.0646491545243026	0.0333042095660545	0.0653098884360768	0.0731527313615803
"HKB0191_3001_T"	1.44901820149828e-14	0.163083367867743	1.44901820149828e-14	1.44901820149828e-14	0.00936684972180061	0.0976357546030797
"HKB0194_3006_T"	0.179575477975142	0.229882604928053	0.00834503129944927	1.03312063403262e-14	0.0108973615467652	0.13634837222296
"HKB0196_3006_T"	1.34189464908889e-14	0.0136529861079807	0.118769153695489	0.0138403552404135	1.34189464908889e-14	0.167044871008194
"HKB0207_3001_T"	0.145127678204843	0.136450824177512	0.0815036907686956	0.0583545466442675	1.2521626060955e-14	0.0635771775928096
"HKB0208_3006_T"	0.0520818036480178	0.0136738754610665	1.61778066698905e-14	0.0449895065829221	1.61778066698905e-14	0.139702484049536
"HKB0209_3004_T"	1.12963011239657e-14	0.061551739297477	0.000415301878329083	1.12963011239657e-14	1.12963011239657e-14	0.116405585847779
"HKB0210_3006_T"	0.0217563288838632	0.0526891903315083	0.379297080520126	5.9896165886103e-15	0.00387012328225956	0.041261624048935
"HKB0211_3002_T"	0.0167298393739926	0.00292552233554083	0.0882869405735605	0.216314060890225	5.68412993211039e-15	0.0226603298638317
"HKB0214_3006_T"	0.20447420683041	0.0330430896189164	0.0517796066677427	0.105544079160507	1.29969091177313e-14	0.081022748781131
"HKB0217_3005_T"	1.09441363303163e-14	0.00425454129585876	0.130944789781975	0.0954337840416678	0.0021522127231126	0.0855535608146542
"HKB0219_3001_T"	0.0321220703410281	1.66750844583856e-14	1.66750844583856e-14	0.0612064882035952	1.66750844583856e-14	0.122043236043113
"HKB0220_3000_T"	0.0816860937086696	0.261212448628001	0.0781613291849439	6.62395460224789e-07	0.00308050884082913	0.00673011331981913
"HKB0221_3001_T"	1.53812844758188e-14	0.113967448671172	0.0200827036203167	1.53812844758188e-14	0.00221547381619122	0.107309904539098
"HKB0222_3006_T"	1.55916549777073e-14	0.0594123892103318	0.0114257288648488	0.0228341495080313	0.0228902213857794	0.0797306600206793
"HKB0225_3001_T"	1.32496960721014e-14	0.0140545311088099	1.32496960721014e-14	0.0267241082248933	1.32496960721014e-14	0.135331422622024
"HKB0226_3001_T"	1.15024860947262e-14	0.00655169450569328	0.0439362464652536	0.068182441196963	0.000256233657547887	0.0832506716129604
"HKB0227_3006_T"	1.67255839641504e-14	0.175535446793876	0.105689126232932	0.0188596743475182	1.67255839641504e-14	0.0720013953665618
"HKB0228_3002_T"	0.00687079890425112	0.0224517895399662	0.0444376485740995	0.183697678601886	1.45662398074084e-14	0.108169514056585
"HKB0230_3006_T"	0.022912003619777	0.0279836996539821	0.0192165881240968	1.30182652598893e-14	1.30182652598893e-14	0.0887520694758262
"HKB0232_3000_T"	4.15905486236647e-09	0.0115762160139104	0.0536336663918935	0.0946490656323922	0.0320881722351478	0.169445482861254
"HKB0233_3006_T"	8.17908662198737e-15	0.0279836728917694	8.17908662198737e-15	0.0365100787614757	0.00559944561609709	0.0334086678034422
"HKB0540_3000_T"	0.00504467332943784	0.0138049315356072	0.175813043726877	0.01397253174542	1.17712651509897e-14	0.198254863942047
"HKB0552_3000_T"	0.0102838263523098	1.74800512589445e-14	0.0323632427542394	1.74800512589445e-14	0.0810765073294471	0.0875582198937252
"HKB0558_3000_T"	0.040329437350139	0.0215831956689771	0.0150797356327249	0.0291470360484589	0.00106647407903689	0.16334988198612
"HKB0564_3000_T"	0.0410455743643836	7.37265851965697e-13	0.011436909567228	1.45329772260668e-14	0.00541258381716222	0.115503344329469
"HKB0573_3000_T"	0.208340621477509	0.227025757492394	1.04741790652437e-14	0.00855330909800012	0.0329275062412322	0.0659856353526156
"HKB0576_3000_T"	1.13639124875004e-14	0.150558989743553	0.0202897570460705	0.0439822704667283	1.13639124875004e-14	0.108100409663692
"HKB0579_3000_T"	0.204644328421281	0.140426174529764	0.0877713372866766	1.3439871653572e-14	0.00775631309875615	0.0251251972857013
"HKB0585_3000_T"	1.05827808021111e-14	0.00253980098801229	0.115147025814008	0.0698807731790531	1.05827808021111e-14	0.0580918147881602
"HKB0599_3000_T"	1.24796539216957e-14	0.083219493468655	0.0145380171356921	0.0361650137284729	1.24796539216957e-14	0.296500359310144
"HKB0605_3000_T"	0.0396921492405474	0.132616140666199	0.0195320723913587	0.116939671694768	0.00327926204260364	0.0930946723722352
"HKB0620_3000_T"	0.171231559182312	0.0346814676999858	1.68407200612224e-14	1.68407200612224e-14	1.68407200612224e-14	0.0423057306536761
"HKB0626_3000_T"	0.00255438772416023	0.0414612765725742	0.0654211417565088	0.0368636824818536	0.00108230929183979	0.0299433081031968
"HKB0629_3000_T"	0.00243053463627841	0.0132799583301886	0.152226976774598	1.37045870051091e-14	0.00215069843169047	0.0653937395594269
"HKB0638_3000_T"	0.0445077783839369	1.64443999460977e-14	0.0192655184578105	0.0153486841706537	1.64443999460977e-14	0.19826015430485
"HKB0644_3000_T"	0.0137437314014154	0.0161059141614783	0.0532747559474526	0.133696515328602	0.00188026222543315	0.14125853600324
"HKB0650_3000_T"	0.20194744829316	0.115975873021775	0.0491238342838149	0.13210487913989	9.66091781568186e-15	0.176331795036489
"HKB0653_3000_T"	0.0197335836811308	0.0745345513620877	2.97203884069247e-13	0.0139357206702133	0.00245173038691148	0.110663304340575
"HKB0656_3000_T"	1.52717898226552e-14	0.0227877587469157	0.00156568259338739	0.0240889520236837	1.52717898226552e-14	0.139215931010141
"HKB0659_3000_T"	0.35163322631351	0.232670160056078	0.00288525598449945	0.0360091643932477	7.82457948045641e-15	0.0441792622735682
"HKB0665_3000_T"	1.45180518352921e-14	1.45180518352921e-14	0.018378739508146	1.45180518352921e-14	1.45180518352921e-14	0.0542012394235398
"HKB0668_3000_T"	0.0661242620915191	0.029338812989397	0.0527360511054756	0.148140587564352	0.00811236591292287	0.282507241020369
"HKB0674_3000_T"	0.273097893423771	0.339037308197515	8.97574986131797e-15	0.0889141531963265	8.97574986131797e-15	0.0572473152113687
"HKB0677_3000_T"	0.0588115257132567	0.0599711145881131	0.0548704293793764	0.0593513087111399	1.52305964855841e-14	1.56650592036304e-07
"HKB0683_3000_T"	0.22641130820204	0.155353608632359	0.053282877566692	1.72896445603667e-14	0.00405315389454504	1.72896445603667e-14
"HKB0692_3000_T"	9.27963455924449e-15	0.00309963647501151	0.0447010036052963	0.127079245668481	9.27963455924449e-15	0.217001923627339
"HKB0698_3000_T"	0.00532146571078561	0.0351201998742148	0.0311558152741974	0.126318370998592	1.57380221162134e-14	0.134018241783623
"HKB0701_3000_T"	0.00768442500588991	0.0533091142251414	1.57391427228484e-14	1.57391427228484e-14	1.57391427228484e-14	0.0521059488113562
"HKB0704_3000_T"	0.00189125064751581	0.0271960031079989	0.0290067399927428	0.00583686178112076	1.31353852115713e-14	0.253331347676649
"HKB0710_3000_T"	0.120289136392218	0.341078722723155	0.0833230527737834	0.0243285681124742	1.04104436316377e-14	0.0845201630055465
"HKB0713_3000_T"	1.08119036629607e-14	0.0149331363128196	0.0823594363723547	0.00215852257379443	1.08119036629607e-14	0.0609563039944975
"HKB0718_3000_T"	0.245970204988863	0.189326942870275	0.0125592997926644	0.0265167861971031	1.15851262580932e-14	0.207441218956286
"HKB0719_3002_T"	0.156072638427689	0.0173234779992874	0.00349371708739077	2.74711988098569e-06	0.126482281033096	2.6742318675627e-09
"HKB0721_3000_T"	0.116202092493623	1.04674280886932e-14	0.0394818953147397	0.229848601140678	1.04674280886932e-14	0.232590714485424
"HKB0722_3002_T"	8.82451910828201e-13	0.0954123455022754	0.0406750098567938	0.00518724172065787	1.49722154730552e-14	0.162052281912261
"HKB0726_3000_T"	1.4671831986115e-14	0.00704608006874941	0.0219820516268597	1.4671831986115e-14	1.4671831986115e-14	0.144925107586871
"HKB0734_3000_T"	1.31671625488029e-14	1.38752656457739e-09	1.31671625488029e-14	1.31671625488029e-14	1.31671625488029e-14	0.0826950356987728
"HKB0736_3000_T"	0.303561679393472	0.356558183214488	0.0261330551178803	0.000112633830813304	8.71360856025954e-15	0.0398219174770486
"HKB0737_3000_T"	0.209531702281451	0.0933635140150465	0.0874420714993148	1.44525866519998e-14	0.0081894816692928	0.0305731326453524
"HKB0744_3000_T"	1.37439755099228e-14	1.37439755099228e-14	0.0254519527733064	1.37439755099228e-14	1.37439755099228e-14	0.0908330300333838
"HKB0748_3000_T"	0.12476546716626	0.0345447877519942	0.211410842370841	0.00142623274966393	1.26971434198355e-14	0.146343818700664
"HKB0750_3000_T"	1.17399875450112e-14	0.0310261999068858	0.168291465139282	0.0533455546319688	0.000287784535112111	0.08367787992733
"HKB0751_3000_T"	0.411279526416626	0.245797692455008	0.0224563354706957	1.20480228005161e-14	0.0197830116310389	0.027381668181431
"HKB0752_3000_T"	0.197271160007569	0.18452602714151	0.0567942094631263	0.0407529544168844	8.92831693896703e-15	0.167610929648717
"HKB0004_3000_N"	0.111717025049946	0.0405201294184441	0.0661877516102878	0.00166673971800753	0.413954566908119	0.0174664702367296
"HKB0005_3000_N"	0.0539307440504221	0.0187758566076621	0.0933119641712051	0.0114250203327325	0.269850467545584	0.00127188905444444
"HKB0006_3000_N"	0.114167904584177	1.05206504876052e-14	0.0445586434113581	0.0308644040004719	0.348297795157913	1.05206504876052e-14
"HKB0019_3000_N"	0.095367145557615	1.07966901340644e-14	0.068867078472963	0.0207343041283961	0.449612212798591	0.0827567863393044
"HKB0023_3000_N"	0.10988228545753	0.0267567499668281	0.0644317447214702	0.0292323200259433	0.488889612266301	0.0104360396428045
"HKB0033_3000_N"	0.0867347571553352	0.0274571418324349	0.0288163501125473	0.0187225612246802	0.550866520898891	0.0657727970815995
"HKB0035_3000_N"	0.045881409865189	1.45453607871662e-14	0.0808892845808624	1.45453607871662e-14	0.290334958353701	1.45453607871662e-14
"HKB0036_3000_N"	0.0700825276708741	1.19507460801242e-14	0.0838238626320954	0.122610093900168	0.282734431353096	0.0597137663721855
"HKB0038_3000_N"	0.101459377090548	0.0529790829094629	0.0627007831961639	0.0361619859010908	0.361242640642354	0.0379835480285389
"HKB0040_3000_N"	0.154709106784426	0.00716462773162988	0.0525423322427563	1.04253313287363e-14	0.30325389894899	0.0307928435468624
"HKB0044_3000_N"	0.0681358417093219	1.28460762918666e-14	0.136797258309423	0.00871290425047675	0.204603007382827	4.4804066518875e-11
"HKB0049_3000_N"	0.0174522519460514	0.180527247758675	0.0344030038242125	0.0253560015072443	0.465759615907355	0.0211162271283375
"HKB0050_3000_N"	0.149824159197938	1.1927443292325e-14	0.0809539890747601	0.00171567124631793	0.26491396423204	0.00213170468129246
"HKB0052_3004_N"	0.130874224449613	0.058751798475524	0.0252944244704634	0.00685697586218669	0.535333983403343	0.0292113934183591
"HKB0064_3000_N"	8.25808908210724e-15	0.006582246414815	0.0155298799293035	0.107215511107864	0.264587907419001	0.0370709064003147
"HKB0067_3000_N"	1.13940402445568e-14	0.148299472179962	0.0610628439660045	1.13940402445568e-14	0.384911093296162	0.0375111817062588
"HKB0074_3003_N"	0.0293276216119923	0.0130490701507485	0.0122426437823526	1.11144168917812e-14	0.470007172094505	1.11144168917812e-14
"HKB0079_3000_N"	0.0740086462242258	1.01961966742402e-14	0.0599998992090362	0.0479974265190978	0.141509918971872	0.0361878295078905
"HKB0094_3000_N"	0.123649920331704	4.43643283932752e-06	0.0430944391809019	0.00129130710143835	0.519434718502643	1.35701925079349e-14
"HKB0096_3000_N"	1.1424710634299e-14	0.0344122378457462	0.0265962657368271	0.01773724931319	0.509508659859008	0.0325225417842843
"HKB0097_3004_N"	0.0275504270400128	0.0986602347110977	0.0476644784609386	1.13506589145322e-14	0.573275317335246	0.0071983348551756
"HKB0098_3000_N"	9.91230237553836e-15	0.0335844201404317	0.0295248023589473	0.0205559699156026	0.518080663322287	9.91230237553836e-15
"HKB0102_3000_N"	0.130352280032217	1.23008552219863e-14	0.0371024744120474	0.0209637929189971	0.649728754576687	0.00245846353795712
"HKB0106_3000_N"	9.83214918790331e-15	0.0526641250039741	0.0182186405876585	0.0584219178212886	0.6033844066291	0.00788264186202237
"HKB0109_3000_N"	0.0228298331973374	0.132388217412196	0.0691406901254596	0.157905286923106	0.311025677495147	0.0104528359514956
"HKB0115_3000_N"	0.014346221668742	0.0265647540938476	0.0671342297494278	1.17244697001994e-14	0.490712386367608	1.17244697001994e-14
"HKB0120_3002_N"	0.140691121191883	1.17769100044719e-14	0.0538335538632487	0.0139773314509834	0.320457679476476	0.0157039815613513
"HKB0121_3000_N"	1.08968574923672e-14	0.0320447000539529	0.00388509475567489	1.08968574923672e-14	0.560814231200476	0.0273692992186739
"HKB0122_3002_N"	0.0171876682154501	0.0194840394516418	0.0149302753068336	0.0441752865351803	0.405324247187399	0.0217550389863598
"HKB0123_3000_N"	9.85429560808787e-15	0.0088297297120754	0.00669325175266829	0.0768593794681083	0.42110581404014	0.0352905460662246
"HKB0124_3000_N"	1.04668345521822e-14	0.017326148718862	0.0351553844632236	0.00373290215101	0.496477999158558	0.0221856178987215
"HKB0127_3000_N"	0.0471622192913997	1.44815768342514e-14	0.109442795590424	0.132186241348138	0.130556511167968	0.00473853059933324
"HKB0129_3002_N"	9.46860158830438e-15	0.0325035599858994	0.0319951754587071	0.0277142890891204	0.468470339364349	0.0335550926213945
"HKB0132_3000_N"	9.16755397750868e-15	0.0576342587504919	0.0405309800450457	0.00989996204749033	0.384957723613444	0.0402230232363909
"HKB0133_3000_N"	0.030318515784438	0.0383773560263469	0.0268706840827589	0.00892050899127026	0.415903352406985	7.34668524284874e-09
"HKB0134_3000_N"	1.60051023273653e-14	1.60051023273653e-14	0.00770556783525285	0.0514541962593975	0.0161434479211696	1.60051023273653e-14
"HKB0137_3000_N"	0.0320299514097171	1.46580762953669e-14	0.133754431033545	0.0614503264245778	0.359533636516646	0.0012589291466098
"HKB0141_3000_N"	1.31737180231512e-14	1.31737180231512e-14	0.102030504194191	1.31737180231512e-14	0.132479781748006	1.31737180231512e-14
"HKB0143_3000_N"	0.00215281478755784	0.0127567819976394	0.0827451130996038	0.0327557449068006	0.507406591338361	0.0316305724912438
"HKB0149_3000_N"	0.0184847285290939	1.59969143215257e-14	0.117613753478286	0.0809562732007812	0.220816160538437	0.00759664046865504
"HKB0150_3000_N"	0.0762044027526351	0.000182880320709551	0.0622146594335537	1.44091695101671e-14	0.393811103917417	0.0689250270810256
"HKB0155_3003_N"	1.15045370332905e-14	0.00255700178543247	0.00731392462074216	1.15045370332905e-14	0.448774754364346	0.0387746994994796
"HKB0157_3000_N"	1.07752003062777e-14	0.0950858501333848	0.0359697337860443	1.07752003062777e-14	0.44419616354985	0.0376919207568682
"HKB0158_3000_N"	0.100899837560649	0.00234786154828164	0.0464843651524844	0.0894753303977196	0.500516541865292	0.0159773906385821
"HKB0159_3000_N"	0.0996222201132108	0.00628668360471503	0.0883403020369899	0.0121859028378941	0.450981509959411	0.0538228106730047
"HKB0160_3001_N"	0.0204963625143635	0.061663969106074	0.0294891565260557	0.0124670982516361	0.585538512770411	0.0626174860164497
"HKB0161_3000_N"	1.1751962603857e-14	1.1751962603857e-14	0.0299509888744791	0.0126504108757983	0.408367537548601	0.0757720235946902
"HKB0162_3000_N"	0.00135038189126568	0.14037961899486	0.0240083482067281	0.00808611019720707	0.536699779270595	0.0662150725362876
"HKB0164_3000_N"	1.17474367883431e-14	0.00633469512709763	0.0888152669426046	0.10815750628521	0.164949649364542	0.0914032588588148
"HKB0167_3000_N"	0.0457006311640606	0.132448748317872	0.0786441413388371	0.0784894911561683	0.235316864839774	0.149660888509991
"HKB0168_3000_N"	0.0139090717599715	0.00820697748904908	0.0990070955653498	0.0365150404222556	0.285528657671928	6.35445430759371e-08
"HKB0179_3000_N"	0.0628268625316291	1.13971823694709e-14	0.0799676998145693	1.13971823694709e-14	0.51901664461392	0.0882697136589709
"HKB0186_3002_N"	0.11708037262294	7.7054926055957e-15	0.048754771798467	0.0213438578786566	0.300621350863777	0.0762534423310082
"HKB0194_3000_N"	0.134738446994023	1.30773394985164e-14	0.075891613954949	0.0343548442812647	0.29168900445036	0.0241419333778285
"HKB0196_3000_N"	0.0255213275014326	0.0416393684666131	0.108014653982035	0.0102504722862526	0.469107600291566	0.0560548879294297
"HKB0198_3000_N"	0.13004640715081	0.0441695538382972	0.0857927856235763	0.0146844855088566	0.26058827591509	0.0720144737541012
"HKB0207_3000_N"	1.10863802277783e-14	0.114535373495294	2.66152145441539e-08	0.0586808072099469	0.40244442052602	0.0467428765085802
"HKB0210_3000_N"	8.25004717456244e-15	0.136135852405917	0.328659592312589	0.00221104797061635	0.181567732914994	0.0557146105657716
"HKB0211_3000_N"	0.0177279792263329	0.143708171826513	0.0304446161216846	0.0376804834841353	0.520575496639661	0.0322065251589315
"HKB0214_3000_N"	0.091552037110028	1.0767112133195e-14	0.0480285958055058	0.0407911142127489	0.280152034485035	0.0224026732516636
"HKB0216_3000_N"	0.0756751620523735	0.332136339642181	1.18967885538878e-14	1.18967885538878e-14	0.01280891420489	0.0558458067634411
"HKB0219_3000_N"	0.0135201613757283	0.158539859076235	0.104552675117121	0.0318840548290333	0.434872842928572	0.0119236995377073
"HKB0220_3003_N"	1.06535997125873e-14	0.288458790890307	0.0132207597034727	1.06535997125873e-14	0.396391040105384	0.0459846714532953
"HKB0221_3000_N"	0.0179735793550196	0.0417698109936752	0.0259591776394993	1.17131448495077e-14	0.461184668065656	0.0419500481764512
"HKB0222_3000_N"	0.00954048038740239	0.11534822163566	0.0554035833538313	0.145011764522324	0.346105227579554	0.0541475309335637
"HKB0225_3000_N"	0.0961201151728544	0.000399044534276431	0.0698728282294121	0.00243797872914011	0.256378505505768	0.0569507974005301
"HKB0226_3000_N"	1.13448767068131e-14	0.0717207976437456	0.0168503277592942	0.0492035530239198	0.428564344504629	0.0586286065485092
"HKB0227_3000_N"	0.0202100677768629	0.0509885417839137	0.0537476024099818	0.0233792828285603	0.518122576649966	0.0385632904473438
"HKB0233_3000_N"	0.030537495244104	9.23906777882531e-15	0.136209214823594	0.048778544856398	0.0948986408847348	0.0431624117226317
"HKB0538_3000_N"	0.158414192590722	1.00138481640958e-14	0.089842457042865	0.012726043967188	0.234939055718046	0.0363191002724033
"HKB0562_3000_N"	0.0546260134541596	1.07966079920686e-14	0.133320415765453	0.0207644238825989	0.209819524190306	0.0689413824209173
"HKB0571_3000_N"	1.18429768153934e-14	0.103396785647375	0.0223748984672301	0.00768489458501364	0.484547300299064	0.0913860321390345
"HKB0574_3000_N"	0.00187274386915047	0.116360591793163	2.79244733475762e-05	0.0221402359862671	0.5345041688102	0.0784476308001112
"HKB0577_3000_N"	0.003116863659197	0.0898408370810353	0.06136598434524	0.0107253845924714	0.409953174494985	0.0402604551238448
"HKB0583_3000_N"	1.21473900024057e-14	0.0233679147500623	0.0675699331233755	1.21473900024057e-14	0.455931093989833	0.0720470163698385
"HKB0597_3000_N"	0.00256306610712564	0.110142081234939	0.0321302890031385	0.00711841867192862	0.514606878196422	0.0961490306943759
"HKB0618_3000_N"	9.17886019531577e-15	0.102771981814897	0.0367778796328595	0.0101515264103963	0.524221202952589	0.0663594330750633
"HKB0636_3000_N"	0.0358576001889808	0.0810897067045342	0.0160895218393334	0.0449998518439027	0.402222837391785	0.054461881047741
"HKB0648_3000_N"	0.127031764647434	0.144911082864813	0.0478728669422651	0.0622470526019546	0.312649783676878	0.00649580870270275
"HKB0651_3000_N"	0.184812191604216	1.20927548122686e-14	0.0443318593039082	1.20927548122686e-14	0.34885934639719	1.20927548122686e-14
"HKB0657_3000_N"	0.0497475425550598	1.2737119337812e-14	0.0696279080102912	1.2737119337812e-14	0.439179298186074	0.0289878173510715
"HKB0663_3000_N"	0.0177496969477038	0.0415515182307393	0.0698269510942142	0.0111148822642822	0.549549367232554	1.54136108974753e-14
"HKB0666_3000_N"	1.27100214097556e-14	0.000584784320709952	1.27100214097556e-14	1.27100214097556e-14	0.665197822419655	0.0682833258808924
"HKB0672_3000_N"	0.0300261561712106	0.145050403972004	0.0394380767776647	0.00778077158604058	0.511221646532106	0.00142383686150229
"HKB0710_3001_N"	0.030819410219293	0.0337656577926931	0.0372461137704173	1.28045648691295e-14	0.547511478104541	0.0354196067922131
"HKB0718_3001_N"	0.0569704037284676	0.076534984883544	0.0418415517335434	0.00240431349078939	0.362091207750594	0.0451681602525768
"HKB0719_3001_N"	9.61388819368957e-15	0.0218135276971646	0.0454271075967051	9.61388819368957e-15	0.465548456626592	0.0692189873265416
"HKB0722_3001_N"	0.141500361134344	1.00103659832532e-14	0.0970037829346528	0.0281343321829704	0.368999776559517	0.00619246977491163
"HKB0744_3001_N"	1.12967116999442e-14	0.0886634996072744	0.0126640100262477	0.0209116102018697	0.394197261242845	0.0948431374344745
"HKB0748_3001_N"	9.84471873206184e-15	0.0781839287577066	0.122018210825624	0.035964906839804	0.293814844449545	0.0365096421460776
"HKB0751_3001_N"	1.37838195369155e-14	0.00796438526072863	0.0352242053968919	0.0027236832851254	0.394820125070635	0.0697825648541923
"HKB0752_3001_N"	0.144117102824735	8.22814379936153e-15	0.0652217603368231	0.0501605159961331	0.307487988367595	0.00369554215848724
