"ID"	"S01"	"S02"	"S03"	"S04"	"S05"	"S06"	"S07"	"S08"
"HKB0004_3006_T"	0.00102079511313286	0.00220946531439548	0.0426765629828252	0.0473783314576217	8.33877002614424e-15	0.0285588055141545	0.197405480981375	0.0280314699834258
"HKB0005_3001_T"	1.23649532094355e-14	1.23649532094355e-14	0.0699135463963545	0.0229535950884658	1.23649532094355e-14	0.0248605712859666	0.168559897000985	0.0347168411218993
"HKB0006_3006_T"	0.00338047846458261	0.00232737409160469	1.45378466899726e-14	0.00038719876138853	1.45378466899726e-14	1.45378466899726e-14	1.45378466899726e-14	0.0382979889311376
"HKB0007_3005_T"	0.167832609228716	0.0209456417066985	0.241836439334339	1.23093906211854e-14	1.23093906211854e-14	0.00370690747048163	0.0482194469379998	0.179768179748643
"HKB0008_3006_T"	0.152227702042401	0.122068281655836	0.00811360255053335	1.22267525164022e-14	1.22267525164022e-14	0.159571731161157	0.0260795827505326	0.147662280145016
"HKB0016_3006_T"	0.148573465587984	0.0498442362641213	0.039788297480006	1.41047205982543e-14	1.41047205982543e-14	0.0352786797203699	0.0199452642221728	0.14611685499244
"HKB0019_3006_T"	1.31603566099448e-14	0.00769517297907556	0.0827763253753839	0.058596908660027	1.31603566099448e-14	0.00424300957710584	0.147484717815685	0.151994902962152
"HKB0023_3006_T"	0.0198574397853938	0.00473039990758657	1.51644866766695e-14	0.0352733273268338	1.51644866766695e-14	0.107701824704126	0.18546148561222	0.275607963223994
"HKB0031_3001_T"	0.00155741013798634	0.119151387102884	1.43171970225324e-14	0.0151803429293277	0.00833896115368636	0.172830153225486	0.0256701931927782	0.0122272114704518
"HKB0033_3006_T"	0.000989016989355294	0.116954837894665	2.09498715201275e-14	0.0104358899527384	0.0156746786384531	2.09498715201275e-14	0.0600584238215881	0.179634117790837
"HKB0035_3006_T"	0.130317367222506	1.32009918575107e-14	0.0882108083404919	0.0105799224521986	1.32009918575107e-14	0.0320962387282252	0.00775796015094565	0.0371564464943167
"HKB0036_3006_T"	0.00441259991624595	0.00640741691585662	0.0881818190182776	0.047612808475405	1.02927969680611e-14	0.00710035908952887	0.175346577624073	0.0832454654039251
"HKB0038_3006_T"	0.0267443546605036	0.0305205932073926	0.00813591840965567	0.0242140578759084	1.44679749289393e-14	0.0239997019602643	0.147936434503236	0.319924101238117
"HKB0040_3002_T"	0.466063575366115	0.0719154067494321	0.155909627173767	0.045162594429272	6.36751803646965e-15	0.0632475813373016	0.0121551847454034	0.00661326056183706
"HKB0044_3006_T"	0.137496350515588	7.72458000036019e-15	0.262872163497399	0.00117399294752114	7.72458000036019e-15	7.47002723316449e-06	0.0997601997795809	0.0171218692003854
"HKB0049_3006_T"	0.112115085475872	0.176336902593098	1.84546425326573e-14	0.0119010561364873	0.0441386551161061	0.0166462457845719	0.0538445986014192	0.270745523966969
"HKB0050_3005_T"	0.316274808621309	2.61072665980901e-05	0.241972401970168	1.20386797394029e-14	1.20386797394029e-14	0.0954009815326696	0.0226590292667486	0.0105126698612437
"HKB0052_3000_T"	0.273281442459744	0.03317745287114	0.0333706647205226	0.00998935206138273	0.117628967747614	0.0787318575079995	0.0182625312374948	0.10055255936983
"HKB0054_3000_T"	0.496118926995147	0.057634913899243	0.0920049993124035	1.31177094995274e-05	0.0233025341550712	0.0321309711359937	0.0660658675449712	0.0254715346639451
"HKB0056_3002_T"	0.0396852259077997	0.0152170971588662	0.264240208573765	0.148945506946905	9.57890843162448e-15	9.57890843162448e-15	0.0411563428375861	0.0462657581535899
"HKB0064_3004_T"	0.0275642801974517	0.411472705172496	1.42317341229343e-14	0.0374465303262494	0.015602614340186	0.0189447288060083	0.0290379030834228	0.0338019013075948
"HKB0065_3006_T"	0.0580267293114907	9.8279296449285e-15	0.136907581600496	0.0773664864627943	9.8279296449285e-15	0.0370866513436414	0.191020147038882	0.0566458657968563
"HKB0067_3006_T"	0.163427901708447	0.194876359958168	0.0420730632356411	0.0126681727161782	1.66341369211415e-14	0.0550497856696962	1.66341369211415e-14	0.0869330730188559
"HKB0069_3000_T"	0.326425935336683	0.0208954747709789	0.200398419327839	0.00468821212844145	1.00701613851177e-14	0.0541646377232003	0.0382586639087328	0.0514370604438186
"HKB0070_3002_T"	0.0507154606370151	0.0969873541998406	1.76489629412174e-14	0.000893778180807135	1.76489629412174e-14	0.017954829364067	0.0438996095475387	1.76489629412174e-14
"HKB0074_3000_T"	0.336897420355019	0.00942459612139883	0.0581427509223236	3.51763768134152e-09	0.0677150475201061	0.139226147385716	0.0542964817685631	0.0320997926529156
"HKB0078_3000_T"	0.0207675139841977	0.0048515339122548	1.63265435728278e-14	0.0115474297370322	1.63265435728278e-14	0.04255102973942	0.0682383267192133	0.07811627683641
"HKB0079_3006_T"	0.189015538186703	0.0420445218945105	0.194580799477339	0.0399871191234548	9.18366216375976e-15	0.0250573521959639	0.0993731525749171	0.0460269473861928
"HKB0080_3006_T"	1.33229043414164e-14	0.00684378005318863	1.33229043414164e-14	1.33229043414164e-14	1.33229043414164e-14	1.33229043414164e-14	1.33229043414164e-14	0.010695493639987
"HKB0082_3006_T"	0.18051637048261	0.0140798999432283	0.388609553342289	9.720913775254e-15	9.720913775254e-15	9.720913775254e-15	0.0769782242152348	0.0504741349752398
"HKB0084_3000_T"	0.082121903808322	1.08690626074059e-14	0.281633195448887	0.0984152093539485	1.08690626074059e-14	0.00574812694690465	0.0742199661472206	0.171459935714181
"HKB0086_3006_T"	1.52319532738755e-14	0.0524104114840425	1.52319532738755e-14	0.023052638866388	1.52319532738755e-14	0.0812620562606784	0.102634207714601	0.129868270618851
"HKB0088_3000_T"	0.0917976221705067	0.0637121332053685	0.0642823737722192	1.39999521475209e-14	1.39999521475209e-14	0.0473624790712052	0.0757889654905679	0.164369457364032
"HKB0089_3001_T"	0.139863679990263	0.101351829270623	0.0060436339171154	0.0127657587491386	1.39844876306656e-14	0.0251563111444988	0.00323596699561386	0.0931521031238136
"HKB0091_3001_T"	0.149913494804217	0.0232377519019289	0.256675579849384	0.00238630810498603	9.96800228332098e-15	0.15415436222664	0.0432019207508029	0.0234650652423358
"HKB0092_3000_T"	9.87819011522585e-15	9.87819011522585e-15	0.0029565258499839	0.0449009525532608	9.87819011522585e-15	0.0371477320008072	0.0408106254267589	0.0787529033218598
"HKB0094_3006_T"	0.34276959976653	0.00606550457146166	0.118906054327073	1.70751409141751e-14	1.70751409141751e-14	0.0159575592292447	0.00195261757015222	1.70751409141751e-14
"HKB0096_3001_T"	1.3978684496259e-14	0.00357518692378096	1.3978684496259e-14	0.0163929110238491	1.3978684496259e-14	1.3978684496259e-14	1.3978684496259e-14	1.3978684496259e-14
"HKB0097_3000_T"	0.0321215443953155	2.27391671789317e-14	2.27391671789317e-14	0.00187535793336279	2.27391671789317e-14	0.00268396900623165	0.000198552881806652	0.00103324665967403
"HKB0098_3005_T"	0.209036759971707	0.0233992429647716	0.169787714829485	0.0303089776384164	1.30802146751483e-14	0.0428013361859007	0.0749707254546464	0.118823738773571
"HKB0100_3006_T"	0.0159853076860186	9.71619923499524e-15	9.71619923499524e-15	0.0263886889872887	9.71619923499524e-15	0.0223978242367168	0.0380955620176803	0.016616498025417
"HKB0101_3000_T"	0.155051896427092	0.0153435703810438	3.41823417087058e-12	0.0227768407479167	1.49420473753203e-14	0.0640655585590891	0.0305566235432842	0.205927239865864
"HKB0102_3006_T"	0.0068180738392059	0.0795902452079077	2.26352800960879e-14	0.0303174078313038	0.00535868378903435	0.024323465406872	2.26352800960879e-14	0.0747325348900707
"HKB0104_3006_T"	1.18340589059176e-14	1.18340589059176e-14	1.18340589059176e-14	0.00471024963554346	1.18340589059176e-14	1.18340589059176e-14	1.18340589059176e-14	1.18340589059176e-14
"HKB0106_3006_T"	0.0134138462046069	0.00110918710147547	1.7829898802639e-14	1.7829898802639e-14	1.7829898802639e-14	1.7829898802639e-14	3.28640020130065e-13	0.0209368505711009
"HKB0108_3000_T"	0.0311042662619015	1.30993097977698e-14	1.30993097977698e-14	1.30993097977698e-14	1.30993097977698e-14	1.30993097977698e-14	1.30993097977698e-14	1.30993097977698e-14
"HKB0109_3006_T"	0.00673266371691498	1.67882888106349e-14	0.00377505098514982	1.67882888106349e-14	1.67882888106349e-14	1.67882888106349e-14	1.67882888106349e-14	0.00781079540478973
"HKB0115_3006_T"	0.192780589040129	1.90811034952897e-14	0.13726888700739	1.90811034952897e-14	1.90811034952897e-14	0.0154735490884986	0.0015270816830213	0.0552434636841939
"HKB0120_3000_T"	0.249922323365057	0.14791621758753	0.0223917031773354	0.0279366600068389	0.0920812102862413	0.140521946975695	0.0689688008512337	0.120734065961314
"HKB0121_3006_T"	0.097532284790756	0.011338456694606	0.0969499507272487	0.0199151489345687	1.61089452778135e-14	0.108257032929243	0.0230393527983229	0.0486547135239461
"HKB0123_3006_T"	0.00351269289308823	0.0354046086073249	1.65718815899901e-14	0.0205109104015516	1.65718815899901e-14	1.65718815899901e-14	1.65718815899901e-14	0.0901508841751289
"HKB0124_3003_T"	1.73475643871316e-14	1.73475643871316e-14	1.73475643871316e-14	0.0611409593107186	0.0172675558939319	0.0349534403322342	0.0557321547302327	0.0121167449694872
"HKB0125_3006_T"	1.18735468984333e-14	1.18735468984333e-14	1.18735468984333e-14	0.0299185979419992	1.18735468984333e-14	0.029038496633878	0.074968649538983	0.117906202050692
"HKB0127_3006_T"	0.244608075978744	0.0481707993624894	1.54329666838547e-14	1.54329666838547e-14	1.54329666838547e-14	0.127752396430688	0.0319366520155015	0.000473725951181456
"HKB0129_3000_T"	0.334481705953533	1.4337003075312e-14	0.0216973964277721	0.0172958454444985	0.173368511747328	0.112398219307819	0.0184420353272623	0.0103675240663235
"HKB0132_3006_T"	0.106429701033871	1.25836595120536e-14	0.00596255543834889	0.000414628154326368	1.25836595120536e-14	0.0523668801717307	0.0233647577119205	1.25836595120536e-14
"HKB0134_3006_T"	0.092028492578584	0.054839189239213	0.185287269773472	0.037720928892245	8.28129090294224e-15	0.0577341847826479	0.107473133162659	0.0542043908223228
"HKB0137_3002_T"	0.0961051115056103	0.0349786272207756	0.152720247748657	0.00255343276672089	1.43332534581515e-14	0.124721869282975	0.0174144920277321	0.0488596757790054
"HKB0141_3006_T"	0.0318879648147358	0.00134391289199455	2.16228167346862e-14	0.136478067764605	4.43311308105391e-06	0.10073815514326	0.0486386346064706	0.0425265605230757
"HKB0143_3006_T"	0.113083953702524	0.105852082624332	0.155106703170322	0.0202011313169269	1.38049328726331e-14	1.38049328726331e-14	0.0961399722998363	0.198999806523092
"HKB0147_3000_T"	1.41627375385529e-14	0.00299167863703974	1.41627375385529e-14	1.41627375385529e-14	1.41627375385529e-14	1.41627375385529e-14	0.0367451046251325	0.0361009851656253
"HKB0150_3006_T"	0.0147588260592907	1.1255209205647e-14	1.1255209205647e-14	0.00309447845185385	0.00293476362059944	1.1255209205647e-14	0.00282172894608958	1.1255209205647e-14
"HKB0155_3000_T"	0.393853327157283	0.0846731729791451	0.00996684199776706	1.73497769169638e-14	0.0364113810437106	0.0273715336912451	1.73497769169638e-14	0.107143795192872
"HKB0157_3006_T"	0.0543676874466654	1.52927307888704e-14	0.0412357559100505	0.0172958531391169	1.52927307888704e-14	0.0711652632935696	0.0847624464899457	0.00868638963296197
"HKB0158_3006_T"	0.148743494679642	0.0290891613258593	0.0911896645909581	0.00925355148772714	2.22454841421151e-10	0.0550697695396297	0.0808058375353195	0.130256832159169
"HKB0159_3006_T"	0.029552342207325	0.0195014303630557	0.0270358157070276	1.50807637296105e-14	1.50807637296105e-14	0.0032418788409516	0.00162526433016068	0.0530229159773025
"HKB0160_3000_T"	1.38081643545005e-14	0.0229196428628294	1.38081643545005e-14	0.0595329356336275	0.391253251164037	1.38081643545005e-14	0.00998929921027097	1.38081643545005e-14
"HKB0161_3001_T"	0.0214577838556541	0.00362523062022542	0.000265653121652218	0.0092260493637338	0.0113913403577545	0.0606909628145435	0.014659528095137	0.0215624277378055
"HKB0162_3006_T"	0.104919770119927	0.0200343448641348	0.0550155339944681	0.0459814413782246	9.63227836246022e-15	0.0591523804802505	0.0789036731267039	0.0460837144053795
"HKB0164_3006_T"	0.105714391004032	0.0832507001323704	1.30333196714469e-14	0.0108398456828245	1.30333196714469e-14	0.235177538375275	0.0762950772295607	0.126408514071242
"HKB0167_3006_T"	0.355501591073484	0.117360732155566	0.254886801614635	0.0863995373938706	7.36233754585401e-15	0.00472930947433896	0.021180982866092	0.0805299770732699
"HKB0168_3006_T"	0.0416926284433012	1.89924939901755e-14	1.89924939901755e-14	0.00525369961119719	1.89924939901755e-14	0.013097469984251	0.0330786007805111	0.18534114285441
"HKB0179_3006_T"	0.0364755120096422	0.0288200501085625	0.0520888559076699	0.028524772100492	1.94027995815735e-14	0.0147137852152563	6.77629843290434e-06	0.0943228636981953
"HKB0182_3006_T"	0.0398620314715173	9.78570982283674e-15	9.78570982283674e-15	0.0467611223852907	9.78570982283674e-15	0.030082431960398	0.273653714676821	0.182789705824135
"HKB0186_3000_T"	0.319096464017	0.147572777750126	0.0258239081128807	0.0330726952614233	0.112274115558743	0.0613709994618368	0.0656649714976481	0.103093369749518
"HKB0191_3001_T"	0.138330775432039	0.100715327499104	0.107511683059972	0.0403449708332805	1.71582888866042e-14	1.71582888866042e-14	4.48225301375694e-08	0.174055678431185
"HKB0194_3006_T"	0.22950500822629	0.0369347296586887	0.189108594156036	1.09131718843798e-14	1.09131718843798e-14	0.0198379740296573	0.0513344452210166	0.0393116650684071
"HKB0196_3006_T"	1.85317804338629e-14	1.85317804338629e-14	0.000550064398732381	0.000743965678696796	1.85317804338629e-14	1.85317804338629e-14	1.85317804338629e-14	0.048119557483155
"HKB0207_3001_T"	0.253047996615296	0.0154985930582989	0.0785549445622562	0.0269034060412603	0.234311169363356	1.43836528908628e-14	1.43836528908628e-14	0.107151330035569
"HKB0208_3006_T"	0.102431988493709	0.0148007960143671	0.00539655486267725	1.75617380576769e-14	1.75617380576769e-14	0.0594720597837132	0.031221472011039	0.368737286999973
"HKB0209_3004_T"	0.0432642656813219	0.03986750031093	0.0760429737881346	0.0226181521568905	1.18966785380998e-14	1.18966785380998e-14	0.0503980920245361	0.294109819280542
"HKB0210_3006_T"	0.035459991721639	8.19489171712629e-15	0.0325037793616612	0.075228707785775	8.19489171712629e-15	8.19489171712629e-15	8.19489171712629e-15	0.0595913101712495
"HKB0211_3002_T"	0.00398930848927651	0.000761550998966447	0.0239779258255584	0.101761878679511	6.78375131876379e-15	0.0120433762891755	0.0570009983714232	0.025825842986195
"HKB0214_3006_T"	0.232783411450482	0.0137983007445062	0.106671842112813	0.00321145002149708	1.39716820035896e-14	0.0259155985396207	0.0277124225413387	0.052257714668388
"HKB0217_3005_T"	1.58068651354879e-13	1.27586265724634e-14	1.27586265724634e-14	0.0510234958745583	1.27586265724634e-14	0.00446287577245353	0.0394728793196941	0.0309359562516584
"HKB0219_3001_T"	1.64763384026905e-14	0.00585621579113659	1.64763384026905e-14	0.00868285453412204	1.64763384026905e-14	1.64763384026905e-14	0.0304958872954395	0.151772263867191
"HKB0220_3000_T"	0.338944912706181	0.111101650478197	0.0881429610679004	3.43799822889014e-05	0.0054071303418348	0.10545948939856	0.00215877566337824	0.064909573653481
"HKB0221_3001_T"	0.047861468655406	0.131414645858928	0.0120916915788624	1.6701457065635e-14	1.6701457065635e-14	0.0480989731991194	1.6701457065635e-14	0.243259847494765
"HKB0222_3006_T"	1.78129470508847e-14	0.0298525730862383	0.0282583998445205	0.0111008855795413	1.78129470508847e-14	0.0214364925066012	0.00670851868365572	0.0211757531211137
"HKB0225_3001_T"	1.37268258093895e-14	0.00038338820550149	1.37268258093895e-14	0.0123551873298923	1.37268258093895e-14	0.00331881079777037	0.0608288969770941	0.0285883318239951
"HKB0226_3001_T"	0.0112831360762333	0.0142642995510716	1.91355575647716e-14	0.0138040081733958	1.91355575647716e-14	0.000864595712812913	5.72899166755671e-12	0.227515142137223
"HKB0227_3006_T"	0.0775749733704492	0.100143425598232	7.25758990335286e-12	1.63191673456879e-14	1.63191673456879e-14	0.0257413611025807	1.63191673456879e-14	0.0185331371047947
"HKB0228_3002_T"	0.0385961750845337	0.0431633215662113	0.0911554499843055	1.48776604125384e-14	1.48776604125384e-14	1.48776604125384e-14	0.0175823447266929	0.0135321407711846
"HKB0230_3006_T"	1.62336394843549e-14	0.0839659518444976	1.62336394843549e-14	1.62336394843549e-14	1.62336394843549e-14	0.00172870791761377	1.62336394843549e-14	0.0227125698295261
"HKB0232_3000_T"	0.00806303789825719	1.21237840025484e-14	1.21237840025484e-14	1.21237840025484e-14	1.21237840025484e-14	1.21237840025484e-14	0.0123592831533758	0.146622607463911
"HKB0233_3006_T"	8.60371386218748e-15	8.60371386218748e-15	8.60371386218748e-15	0.00483347045226771	8.60371386218748e-15	0.0143352412358007	0.019030957255835	0.0194212297521198
"HKB0540_3000_T"	0.0146729087303122	0.00610433113241576	1.54496529354582e-14	0.000733662448159756	1.54496529354582e-14	1.54496529354582e-14	0.0456404081539205	0.0406125651074432
"HKB0552_3000_T"	0.0419347009681414	0.0172854130299415	2.12825371232863e-14	0.0324651832012805	0.124654320036844	0.0690426842413049	2.12825371232863e-14	0.0398488171139926
"HKB0558_3000_T"	0.0124605228728561	0.0198225078908848	0.00591113477194406	0.0110906095676574	1.43586638317635e-14	0.00615367698042554	0.0771725936441464	0.126336578255724
"HKB0564_3000_T"	0.105763314706133	2.0925256718586e-14	0.000787544241717819	2.0925256718586e-14	0.00278463791833043	0.0848872718846058	0.123591603044178	0.124911474060611
"HKB0573_3000_T"	0.321282709098885	0.0546433054239729	0.117997918653253	0.0124065640165129	0.0154669286363239	0.106308368745017	0.0949188708793815	0.112329780052854
"HKB0576_3000_T"	0.0284690481713991	0.194998139614441	0.121903336584824	0.038931811736661	1.20876418871328e-14	1.20876418871328e-14	0.0187977587619452	0.323975249293458
"HKB0579_3000_T"	0.278503677026811	0.0979398240838911	0.0661917162554107	0.00842798814220959	0.0187296090693036	0.115021084329695	0.00797234711775236	0.192760178772744
"HKB0585_3000_T"	1.33983374939022e-14	0.00713672984394822	1.33983374939022e-14	0.0083966724380959	1.33983374939022e-14	1.33983374939022e-14	0.027094356741255	0.00126226092828336
"HKB0599_3000_T"	0.0335773610884028	0.0223154964774233	0.060062499773385	0.00641634808494205	1.3050389650713e-14	0.080729595342962	0.0381800292965591	0.145013677226964
"HKB0605_3000_T"	0.128236481611811	0.0276898323262031	0.110610249903391	0.0420740166346532	1.78507377264642e-14	0.00188568686282846	0.132022310204815	0.122678429077198
"HKB0620_3000_T"	0.157870433096171	0.00316353988804663	0.0685412886775414	2.19002937322741e-14	2.19002937322741e-14	0.0556556479991502	0.0407903220116462	0.0247196371015387
"HKB0626_3000_T"	8.5155530728749e-15	8.5155530728749e-15	8.5155530728749e-15	0.116331923719034	8.5155530728749e-15	0.00842790193704999	0.0642024530711176	0.0135749500265323
"HKB0629_3000_T"	0.0237108604825025	0.0299573021179217	1.46056697116835e-14	0.0168417047375396	1.46056697116835e-14	0.0181746508039343	0.0144326106429018	0.000108649912997172
"HKB0638_3000_T"	0.00547742143736102	1.60335263228062e-14	0.007464182646235	0.0292483726085434	1.60335263228062e-14	0.00310113143654671	0.0228876994336629	0.2084503867645
"HKB0644_3000_T"	1.26882776355159e-14	1.26882776355159e-14	0.00291674038358184	0.0708466994420803	1.26882776355159e-14	0.00629968359756401	0.0937344328871577	1.26882776355159e-14
"HKB0650_3000_T"	0.123864538388336	0.00197519223777292	0.118514125561003	0.0433926560964448	8.2808622102681e-15	0.125111437833645	0.024525094575748	0.0248012696884666
"HKB0653_3000_T"	0.074932521157336	1.66247334185279e-14	0.118546724194578	1.66247334185279e-14	1.66247334185279e-14	0.0198119701770249	0.130559851255836	0.0999074855967409
"HKB0656_3000_T"	0.00370144596328424	0.0211763872086537	0.00186003681872952	1.92322212345095e-14	1.92322212345095e-14	0.0253315089861613	0.143115027379186	0.065982476054828
"HKB0659_3000_T"	0.270124941146195	0.0500276440341847	0.193555244850001	0.000569823548228149	7.28499868264969e-15	0.0423469453334274	0.0621029147320807	0.0809590604320269
"HKB0665_3000_T"	1.31156250475902e-14	1.31156250475902e-14	1.31156250475902e-14	0.0328207004235797	1.31156250475902e-14	0.0144958903605109	0.124465581636031	0.28098330540508
"HKB0668_3000_T"	0.0478859884176746	0.0225268897129875	0.0576005727629895	0.0322744342865857	1.15807036634025e-14	0.00380693418073538	0.0158881481800266	0.123289408312888
"HKB0674_3000_T"	0.386662180588162	0.0488058599379597	0.136201620065168	0.0230234982317041	7.30880288007202e-15	0.0123629232786886	0.156501266884011	0.0615255902063805
"HKB0677_3000_T"	0.011901002586094	1.03156369340903e-14	1.03156369340903e-14	0.126693286508612	1.03156369340903e-14	0.0548434054851394	0.137092012700183	0.0428794231652654
"HKB0683_3000_T"	0.249998656757677	0.0139819939628743	0.178274083035465	1.79384168152477e-14	1.79384168152477e-14	0.0322156594745511	0.0344758760748275	0.0139258148192351
"HKB0692_3000_T"	1.090980199783e-14	1.090980199783e-14	1.090980199783e-14	1.090980199783e-14	1.090980199783e-14	0.0073331875815012	0.0463158337948394	0.0650637659313873
"HKB0698_3000_T"	0.0146874008137014	0.0229637310447025	0.0919798826912749	0.00728677451621688	1.55299415908774e-14	5.63633554620808e-07	0.0317818605948943	0.269642233334242
"HKB0701_3000_T"	0.0182069926332391	0.118697477949619	0.024812615023442	0.00855584229063474	1.45244866904857e-14	1.45244866904857e-14	0.035957055474925	0.41836060220625
"HKB0704_3000_T"	1.31912375900472e-14	0.00268856423171636	0.0202237103963779	1.31912375900472e-14	1.31912375900472e-14	1.31912375900472e-14	0.0367965198028906	0.0512877127154744
"HKB0710_3000_T"	0.174860189352335	0.063438919120415	0.381616202484454	0.00277552541492172	8.48909865270862e-15	0.0139411726820786	0.0386226018470338	0.000130170273378655
"HKB0713_3000_T"	1.18019508136627e-14	0.00186349584715641	1.18019508136627e-14	0.00221621567069235	1.18019508136627e-14	0.0355845672961833	1.18019508136627e-14	0.0712103577735427
"HKB0718_3000_T"	0.180291434707476	0.0540970349961885	0.302495983558638	0.0078973363132044	1.17092422231257e-14	0.0364226267607568	0.0621759213682373	0.121831734949092
"HKB0719_3002_T"	0.13507936648477	0.0215538288709919	0.00255170499920534	1.59871255817417e-14	0.200607339527149	0.0643740988588797	0.0293520273281845	0.0326876025568981
"HKB0721_3000_T"	0.0219779022808916	0.0229479355430634	0.0455670431997473	0.0101724254806435	1.22293325548869e-14	0.0151358485828907	0.0898178292221017	0.0458769407945147
"HKB0722_3002_T"	0.0449530465141837	0.00819192475003427	0.133224886966707	0.093975666295149	1.57522261568944e-14	1.57522261568944e-14	0.121272132881187	0.0633283541569118
"HKB0726_3000_T"	0.0453708824076688	0.0312831034344648	1.54747104469532e-14	0.00504187957546067	1.54747104469532e-14	0.0305450784472143	0.0531121246286823	0.0166229731126029
"HKB0734_3000_T"	1.52036280007366e-14	1.52036280007366e-14	0.0020131142567218	0.0594193496283526	1.52036280007366e-14	0.00717948467211197	0.127207850319405	0.126170253517258
"HKB0736_3000_T"	0.471903750794153	0.048924592180009	0.205552202323915	0.0240559912124001	7.51366753451437e-15	0.0209665728590365	0.00145727935643308	0.00991322962860849
"HKB0737_3000_T"	0.176873109046413	0.0181826130976805	0.0644473939045962	0.0176756793090699	0.00151101802070591	0.0196357469693952	0.0297201434204204	0.286354407294025
"HKB0744_3000_T"	1.44486405790505e-14	0.00712746985966832	1.44486405790505e-14	0.00458397716276459	1.44486405790505e-14	1.44486405790505e-14	0.0122065156954657	0.216410213372798
"HKB0748_3000_T"	0.115597432222116	0.00553545276486203	0.0888676204709758	2.12702758977639e-14	2.12702758977639e-14	0.0218401499791254	0.0362120510421638	0.0526323531013235
"HKB0750_3000_T"	2.73626404925247e-12	0.0271484245858076	1.47381565865907e-14	0.0165761658705597	0.0172819611487615	1.47381565865907e-14	0.00489897104580683	1.47381565865907e-14
"HKB0751_3000_T"	0.502934125492263	0.0742098892146955	0.155447625212623	0.0123948416871445	1.21027725138798e-14	0.0335722519586387	0.0107786414022914	0.0520612050614726
"HKB0752_3000_T"	0.168858866359801	0.0538664490317472	0.225851595092889	0.0331167361845822	8.58627900733294e-15	8.58627900733294e-15	0.00308696595933392	0.020392723294634
"HKB0004_3000_N"	0.0889578021479095	1.56394766207906e-14	0.0647880561697595	0.0234847839052162	0.316742814959962	0.0185366896841137	0.0349733493984112	0.00349764667707817
"HKB0005_3000_N"	0.0122605816302779	1.444896491012e-14	0.0290331604760295	0.00310213563554325	0.268718432731927	0.0934330398604469	0.062257993398003	0.0513066742782172
"HKB0006_3000_N"	0.0688595855564806	1.0692921359526e-14	0.00736737076438088	0.0115142510493924	0.203240746316119	0.00953340802975862	0.0611495227359585	0.00397960023828079
"HKB0019_3000_N"	0.00245050952637349	0.01535403132659	1.10942446056873e-14	0.0494795217015676	0.425877902266177	0.0202114505853626	0.135129824081077	0.016623957361552
"HKB0023_3000_N"	0.0671816420729164	0.037741648264571	0.00565819391557092	0.00226603858199934	0.426546406384801	0.0339990777610591	0.0169578754477781	0.0111777567328331
"HKB0033_3000_N"	0.00789540818417481	0.0652035834452838	0.0121510640660561	0.0172347869493487	0.454654971377862	0.004716532661623	0.0509258915272754	0.0359578993632932
"HKB0035_3000_N"	0.00450061445002244	1.47891469943973e-14	0.0129885871016388	0.11574767315304	0.177882035151109	0.108100781060075	0.0821508299849253	0.000316447545347014
"HKB0036_3000_N"	0.0513961713916534	0.00388409035254066	0.00243986715809078	0.00418662662707185	0.276431554038758	0.0372702035402396	0.0333550261672327	0.0133779992033833
"HKB0038_3000_N"	0.0732927240024905	0.0413456252220875	0.0177761955095102	0.0488582429261291	0.222902649455394	0.029216731252075	0.0259500770486661	0.00461678956287051
"HKB0040_3000_N"	0.170153328983583	1.18454221938164e-14	0.0637348144904934	0.0334037771329272	0.234434726888732	2.1143748500797e-05	0.0305388886985807	0.00093457969307847
"HKB0044_3000_N"	0.0265639294233299	1.39889298154106e-14	0.0207360766231016	0.0700957113358279	0.101300925097125	0.0481878200475068	0.0703416511683882	0.01501069685432
"HKB0049_3000_N"	0.0504267914127645	0.210040265419717	0.0267074604893017	0.0503885789579711	0.338622970648242	2.17566722651527e-10	0.000372625935425863	0.0940750507257792
"HKB0050_3000_N"	0.0638350512992768	1.443796392465e-14	0.022202610770463	0.00434015390054101	0.34972767329694	0.0125296381103162	0.147022370578187	0.00409339194684584
"HKB0052_3004_N"	0.0749779731235788	0.1271605049098	0.0452646127111305	0.0145988658032405	0.461308096583989	0.0321738745371742	0.0176426846084318	0.0359866080911237
"HKB0064_3000_N"	1.1333360012727e-14	0.00491518691196659	0.0136395503819282	0.0445281606815313	0.272820403036577	1.1333360012727e-14	0.0450162983173879	1.1333360012727e-14
"HKB0067_3000_N"	0.00395681833898618	0.211079656820953	0.0112335461326214	0.0265582113279378	0.349649438260591	1.0273424543791e-14	0.00414104014383645	0.0457768130498661
"HKB0074_3003_N"	0.0170020993028933	0.0233424512997753	0.026452091885773	0.0220743474921606	0.356278348863461	0.0924985484600873	0.017569375080656	0.0267374863260106
"HKB0079_3000_N"	0.0514978610821715	1.2937679441248e-14	3.70321430016322e-07	0.0408647374865917	0.133346321269824	0.00704224556271944	0.0373700858862102	0.0150538153772611
"HKB0094_3000_N"	0.0352006833016498	4.36627959992224e-08	0.0184077941253947	0.011017652355604	0.434807671340862	0.016125341424724	0.155686071048153	0.0175643717868894
"HKB0096_3000_N"	0.0123887015537761	0.0153651220808983	0.0148598902189118	0.0836293326977558	0.466211811297461	1.17584021937386e-14	0.00361482883416619	0.0167770998897158
"HKB0097_3004_N"	0.00804856646736143	0.139987375362199	0.0566056152726797	0.0385873854773966	0.424413116664816	1.07021282197858e-14	0.0130414052897943	0.0169048109793174
"HKB0098_3000_N"	0.0323311395151571	0.110939020549775	0.00776142840427147	0.110421722392005	0.382245338371417	1.12415141264465e-14	0.065833014756323	0.000873553027000482
"HKB0102_3000_N"	0.050062042265794	0.00435726631962863	0.0243016313962913	0.0231906303489616	0.483983657068689	0.0276471703405047	0.0194712769440113	1.41937305103798e-10
"HKB0106_3000_N"	9.90668084458855e-15	0.116307118452083	0.0026542580187091	0.0575163699486466	0.352927987514986	9.90668084458855e-15	9.90668084458855e-15	0.0420154232058094
"HKB0109_3000_N"	0.0406708705306879	0.213627834261479	8.11528908593278e-15	0.155831910478844	0.257189435300987	0.0272271275468398	8.11528908593278e-15	0.0587385985441846
"HKB0115_3000_N"	3.66031260684218e-09	0.0797124841001838	0.0239413671900034	0.0499380996862149	0.414652799660788	0.00679933987689294	0.0527905989750925	0.0660580348986299
"HKB0120_3002_N"	0.0330277090744269	1.41366143841176e-14	0.0284443505336701	0.0387702141036724	0.310034528353838	0.0256973020894076	0.0571693829484452	0.0037697394327593
"HKB0121_3000_N"	0.00241039151226345	0.0802340216019666	1.01142166514231e-14	0.0179731975611786	0.436788044469193	1.01142166514231e-14	0.018478129004541	0.0305201307732933
"HKB0122_3002_N"	1.25809384680149e-14	0.0518780448880728	1.25809384680149e-14	0.0290904779176593	0.343408544197843	6.85457089650693e-11	0.1242139006207	0.00966989948718259
"HKB0123_3000_N"	0.0273926514984834	0.0381672292372706	0.00198624412788143	0.0563092321091966	0.391431583142284	1.01168793462127e-14	0.0276483386643162	3.40485346716185e-12
"HKB0124_3000_N"	0.0453560023687533	0.0792633933643393	1.19721239955814e-14	0.0881813693570759	0.380222593399718	1.19721239955814e-14	0.00675723573522863	1.19721239955814e-14
"HKB0127_3000_N"	0.0147018265068166	1.66168982169622e-14	2.11940144485745e-06	0.0520761841165849	0.0884258452493414	0.0643987963723101	0.0860451104016671	1.66168982169622e-14
"HKB0129_3002_N"	6.47185732299139e-10	0.0928227827508384	0.00270070633363478	0.0332869576351471	0.402597914401908	5.54840748521991e-06	0.0338996929581744	0.0276597738401444
"HKB0132_3000_N"	0.0547258967070227	0.125578854834873	0.0066359177340302	0.0638443752529832	0.445801752300667	0.00437545745661589	0.0174071167211083	0.0195263234607736
"HKB0133_3000_N"	0.00676355051971303	0.0810440786330466	1.18864118290637e-14	0.0246435896966621	0.462835438397544	0.0118138584974789	0.103005076011083	0.0322164302357117
"HKB0134_3000_N"	1.55068862822116e-14	1.55068862822116e-14	1.55068862822116e-14	0.0217541855710539	1.55068862822116e-14	0.0110346694426129	0.000217474734873505	1.55068862822116e-14
"HKB0137_3000_N"	0.0477168913128526	8.30247672789829e-14	1.44633506995763e-14	0.00532555086542381	0.316672143965343	0.0453863508431057	0.0592062595376426	1.44633506995763e-14
"HKB0141_3000_N"	1.29894602850057e-14	1.29894602850057e-14	1.29894602850057e-14	0.0448266035082574	0.0328269281124287	0.00419613580603367	0.0585434506293617	1.29894602850057e-14
"HKB0143_3000_N"	1.37493934277916e-14	0.00411750069531607	0.0127945223618798	0.0496248757399107	0.425705437948325	0.0107131069796965	0.0439664256632575	1.37493934277916e-14
"HKB0149_3000_N"	1.55851637137864e-14	1.55851637137864e-14	1.55851637137864e-14	0.0216288454014206	0.256354881313477	0.0282450270613536	0.0662629073331457	0.0553293158952924
"HKB0150_3000_N"	1.66240756682905e-14	1.66240756682905e-14	0.00618297600390335	0.0389868330580836	0.383211545324532	0.0149341286869868	0.0949324529998075	0.0131445611669955
"HKB0155_3003_N"	1.27666733260919e-14	0.0270448241213905	1.27666733260919e-14	0.0636945820447494	0.368592937942878	1.27666733260919e-14	0.0117385089756027	0.00384827803566576
"HKB0157_3000_N"	0.00103308803096244	0.17043419161718	4.13080289797194e-11	0.0467685116920913	0.361333815507681	1.02190074455349e-14	0.111059169591996	0.0744242606881712
"HKB0158_3000_N"	0.0596268869408581	0.0547115692863704	1.28313635497478e-14	0.043780350197847	0.42629228224399	0.0470387714544955	0.057257701954723	1.28313635497478e-14
"HKB0159_3000_N"	0.0449544463638538	1.2580473978606e-14	0.00289595845888035	0.05915408528792	0.340684428092126	0.0218204496919054	0.0356108087118671	0.00565938991495494
"HKB0160_3001_N"	1.05857276292422e-14	0.132243731482827	1.05857276292422e-14	0.0732832946731305	0.355287378942971	1.05857276292422e-14	0.000667494460051477	0.0298234443337421
"HKB0161_3000_N"	1.17264463933585e-14	0.031882458198218	1.17264463933585e-14	0.0423055759593672	0.391555490172982	1.17264463933585e-14	0.00655497140900438	1.17264463933585e-14
"HKB0162_3000_N"	0.0256592414927566	0.181966611257704	0.0162789733010885	0.0279940530201837	0.364469402110485	1.01751747665847e-14	0.0962922643878254	0.0625860279337961
"HKB0164_3000_N"	1.21800691112927e-14	0.0380184147453596	8.32577753753868e-10	0.0414514715507358	0.132260651052385	0.00971836766986627	0.0542610355909419	0.0301397735281986
"HKB0167_3000_N"	0.175320378088275	0.0690550818270299	0.0299840714300709	0.102491048111659	0.19827697405231	0.0352618868238939	0.0823210737527629	1.18649597143631e-14
"HKB0168_3000_N"	0.00915054736583739	1.24388067305991e-14	0.0144514106901833	0.0509541718078498	0.0350026982411608	0.0466160994728403	0.100425124011787	1.24388067305991e-14
"HKB0179_3000_N"	0.0291612573035955	0.0322581188447449	5.58644078164488e-05	0.0516744785701019	0.41140090789305	0.043805531953264	0.0867223541751436	0.0216919239652981
"HKB0186_3002_N"	0.0342811918999552	1.38965098067393e-13	1.78420527980496e-09	0.0406501961314704	0.318065814960916	0.024065619431869	0.0784909613586354	0.0149724996204229
"HKB0194_3000_N"	0.0386821139811583	1.3672526354271e-14	0.0267213207021521	0.0751087841934701	0.162139426583585	0.0507416153846848	0.0101989531748262	0.0112430644811861
"HKB0196_3000_N"	0.072911333708315	0.0730641466782508	0.0228171699076447	0.111674524223834	0.418771203366276	0.00960919025311886	0.0482914659425578	0.0115736579774688
"HKB0198_3000_N"	0.0681064737158443	0.0663980091197585	0.0179283394991871	0.0412009450773935	0.34515124374016	0.0181794480612024	0.0764725861592376	0.000977066784103546
"HKB0207_3000_N"	1.22148966486498e-14	0.208542783361294	0.0241782850433673	0.0482133838829024	0.358751743804575	1.22148966486498e-14	0.0247268289833873	0.0171566372098282
"HKB0210_3000_N"	0.00525648306214417	0.0587505073157748	0.0658094865114085	0.0828948492268007	0.236807370528987	8.76308906950362e-15	0.034115674000865	0.0563668698779313
"HKB0211_3000_N"	0.0985023022601874	0.132135681157253	0.089994257405197	0.048234257780094	0.326765093585307	9.73949121113048e-15	9.73949121113048e-15	0.0809840323839251
"HKB0214_3000_N"	0.0382227268499	0.0158836825798625	0.0258341379212311	0.00374561486205497	0.251306254828261	0.0385863973883421	0.0745061215548973	0.0743578671629102
"HKB0216_3000_N"	0.0557401339638871	0.072027876417673	0.214314155600746	0.0101878912302838	6.5485954033646e-15	0.0284571871648467	0.207528345649145	0.126857405732514
"HKB0219_3000_N"	0.0827323222165642	0.142623286301876	0.0446887041321128	0.0776550297711599	0.34151301916071	0.0067496352628852	0.056776828640768	0.00797869729889159
"HKB0220_3003_N"	0.0600325899759341	0.260189685892937	0.0444967338720492	0.0352032964404742	0.234030206127939	0.0410658043772587	0.0682326831815546	0.0582371079101736
"HKB0221_3000_N"	0.0357936692529966	0.083652610537464	0.0339250593454693	0.0590275584935509	0.379942912554136	0.00254379647540018	0.094728420570542	0.0170584176344366
"HKB0222_3000_N"	0.0713464349895025	0.0786380071559184	0.019873101806545	0.0328628026302496	0.207934715153641	0.0216962093299737	0.0847025973592195	0.0609948982872258
"HKB0225_3000_N"	0.0597201978918417	1.42064282277608e-14	0.0266643682017228	0.0227455480771488	0.134927535926902	0.025648562594845	0.11077650628557	1.42064282277608e-14
"HKB0226_3000_N"	1.07927502132387e-14	0.119112201943282	0.00459631361431657	0.0301115753188177	0.388266057092834	1.07927502132387e-14	0.0675040817002399	0.0188015215009289
"HKB0227_3000_N"	0.00100543709051466	0.0570948674279552	0.0215322860734044	0.000191020867651288	0.444932868383726	1.20911797159178e-14	0.0785263474722001	1.20911797159178e-14
"HKB0233_3000_N"	0.0136124355650451	0.00351035371324549	7.61882235182211e-15	0.0581938831835925	2.21886481408816e-14	0.0291310842377991	0.0613473606654492	7.61882235182211e-15
"HKB0538_3000_N"	0.0677187148933602	0.00099826203897541	0.01584755962052	0.0113700773766119	0.299416768849966	0.0254177556764904	0.0570598945471353	0.018418017237924
"HKB0562_3000_N"	0.00912341119677922	1.20297867805794e-14	0.00961933150392365	0.0810901789255775	0.107734504479166	0.0696561967662991	0.0514744631461763	0.00809946547362565
"HKB0571_3000_N"	0.00910696704756653	0.155437126495746	1.25796856646923e-14	0.0459005445186687	0.454612178152836	0.00593465300886243	0.0158224445870154	0.0245942913622791
"HKB0574_3000_N"	0.0174271295972808	0.174104768477861	0.032539727868503	0.051225533054373	0.362900893267911	0.0162506432527709	0.0129394388416915	0.0474602649672025
"HKB0577_3000_N"	0.0229575485283473	0.173019719889865	9.0458352594521e-15	0.0823070006658161	0.382421574963996	0.00700428156019529	0.0605316630619278	0.0734936879249449
"HKB0583_3000_N"	1.28455965105957e-14	0.0278035876480305	1.28455965105957e-14	0.0300428814666558	0.406277041545096	1.28455965105957e-14	0.102520140643051	0.00702659082950996
"HKB0597_3000_N"	6.88225886308522e-15	0.14259080682551	0.0261960023762543	0.286733928380578	0.308769897611388	6.88225886308522e-15	0.0372391507702408	0.0201769579323388
"HKB0618_3000_N"	9.7295760873538e-15	0.159738281563001	0.0326866442507018	0.0360542567339852	0.412465526614854	9.7295760873538e-15	0.020221766260133	0.0369269524419847
"HKB0636_3000_N"	0.0182227369018652	0.0690447337286635	0.040113644479165	0.0391636326370113	0.233758999982783	0.0340863120150419	0.122570889462843	0.0272173851876769
"HKB0648_3000_N"	0.110387940867205	0.135938207131632	0.0292739239354081	0.0747306027272217	0.254716868821782	0.071528161894963	0.0551758898931213	0.0728782708389804
"HKB0651_3000_N"	0.097183581085139	1.44939777594537e-14	0.0559078824273215	0.0131874361009527	0.195356080431345	0.0362167055843814	0.0557001942719004	1.44939777594537e-14
"HKB0657_3000_N"	1.39703749131993e-14	1.39703749131993e-14	0.0576353899387977	0.0465740007832564	0.396891711306671	0.0308987644416411	0.0570056095222758	0.00387311795011983
"HKB0663_3000_N"	1.32034977880518e-14	0.0917908300506154	1.32034977880518e-14	0.00702743357150022	0.388267455999404	0.0218750140741914	0.173946499689138	0.00765048031730191
"HKB0666_3000_N"	1.48608379570296e-14	0.033902275425226	0.00416927079473689	0.058915044429428	0.521381849209168	1.48608379570296e-14	0.0141249339111269	1.48608379570296e-14
"HKB0672_3000_N"	0.0467304908388575	0.165869799523706	0.0568968507136895	0.0356085226553356	0.322376723168638	0.0332396945228879	0.124638096207402	0.03159279239474
"HKB0710_3001_N"	0.0392904811991768	0.0113137911033904	0.0550225777274871	0.064316975208941	0.373548161184823	1.24989436258482e-14	0.0635029893682327	0.0201971096133049
"HKB0718_3001_N"	0.0513503126531748	0.0565918232225472	0.0719878979896887	0.00948798206055768	0.350395316556935	0.0274869150088191	0.0811704754144081	0.0303792760747132
"HKB0719_3001_N"	8.64463075609878e-15	0.0523806442369474	8.64463075609878e-15	0.319831565543262	0.293036711829886	8.64463075609878e-15	0.00815562214427067	0.000427626569585734
"HKB0722_3001_N"	0.0250230125994507	1.43599168711722e-14	1.43599168711722e-14	0.0494147404138465	0.401513696045727	0.0244029889434062	0.0784289143585279	0.0117159425821739
"HKB0744_3001_N"	1.04380249142544e-14	0.16009081739885	0.0196666933116437	0.0196162230821099	0.381332838090455	1.04380249142544e-14	0.0513962932203273	0.0371201653384233
"HKB0748_3001_N"	0.0112950006881823	0.175533534526852	0.0545779844896866	0.0600675676043698	0.353565122226899	9.81755563788605e-15	5.68600980509362e-05	0.0865157359163168
"HKB0751_3001_N"	1.26481315515267e-14	0.0116106974810238	1.26481315515267e-14	0.00251469915306923	0.413820616342747	1.26481315515267e-14	0.10174195119402	0.0201144913430881
"HKB0752_3001_N"	0.0833427787463819	1.24136229776427e-14	0.00586201734115764	0.00677833704231166	0.345430027249385	3.04344721387484e-13	0.0664406035090926	0.007735308223875
