"ID"	"S01"	"S02"	"S03"	"S04"	"S05"	"S06"	"S07"
"HKB0004_3006_T"	0.0135273358787361	8.78760690253325e-15	0.021877735821288	8.78760690253325e-15	0.0374792541398607	0.0287443715953294	8.20504296372102e-09
"HKB0005_3001_T"	0.00281383099686025	1.3296295016359e-05	0.0083288782964714	9.41333325965334e-15	0.0778098672673332	0.0821810680032483	0.0519167765641087
"HKB0006_3006_T"	1.07951845052651e-14	1.07951845052651e-14	0.00384057217480389	1.07951845052651e-14	0.0456339233514033	0.0344402398543803	1.07951845052651e-14
"HKB0007_3005_T"	0.14864152018173	0.0922844243170666	0.0466399293703078	1.11697098503488e-14	0.00941889942570228	0.0591709944034284	0.0405004395491236
"HKB0008_3006_T"	0.103085761994717	0.118894954041761	0.0615482875616632	0.0232139270745015	0.0288403060266891	0.12892620778059	1.29192810201062e-14
"HKB0016_3006_T"	0.0578051311918387	0.142395550789221	0.0207174255483817	1.20221230636803e-14	0.0210302300014701	0.126211361453463	0.113369858156524
"HKB0019_3006_T"	0.0219915693789533	1.18855415882216e-14	0.0194903315810639	1.18855415882216e-14	0.0718099120126799	0.0386066679521574	1.18855415882216e-14
"HKB0023_3006_T"	0.010130123580971	0.0172642981722149	0.0140892746842501	1.36912951397053e-14	0.106347145884825	0.0918014119867535	0.00534449428955436
"HKB0031_3001_T"	9.51713687168475e-14	0.0210907836934027	0.0242053086072504	1.52226352585797e-14	0.0120931177117119	0.0341422002521762	0.0512483427353773
"HKB0033_3006_T"	0.0011007855597032	0.00544121087533193	1.9669127731334e-14	0.00178080226067442	0.0895220084680697	0.144847509566031	0.0318402072634721
"HKB0035_3006_T"	0.0915282904259269	0.103556096971785	0.110850942312606	1.05077350433201e-14	0.0661355270337977	0.0413230962600531	0.00873512412674417
"HKB0036_3006_T"	0.0313806715083644	8.11114329061343e-15	0.00892049871478056	8.11114329061343e-15	0.0474008773087445	0.0237669728622888	0.034585526950859
"HKB0038_3006_T"	1.85165566377981e-10	0.000474409430459234	1.54771119936521e-14	1.54771119936521e-14	0.0110608445803901	1.54771119936521e-14	0.0864574435316522
"HKB0040_3002_T"	0.26183104531013	0.389982643594114	0.0212235159855138	5.89497114126498e-15	0.0334584412688066	0.0456109096597898	0.0101515760176058
"HKB0044_3006_T"	0.270563379292505	0.0919472169515184	0.100921480044698	8.79078026816237e-15	0.00704233469020672	8.79078026816237e-15	8.79078026816237e-15
"HKB0049_3006_T"	0.0521621608205773	0.0865122650496687	1.61912859805304e-14	0.0286406215693644	0.0339315745970257	0.1497419802188	1.61912859805304e-14
"HKB0050_3005_T"	0.25215197573867	0.268444255533477	0.0239640973268536	1.02170481221971e-14	0.00884891339138891	1.02170481221971e-14	0.0182462866331402
"HKB0052_3000_T"	0.0332644063358607	0.367962484060311	0.0262940222305899	0.0645884053259128	0.00202971889198276	0.0899031539621811	0.0327498971866547
"HKB0054_3000_T"	0.142477405660295	0.408815898747979	0.001821166569511	0.0156788414735247	0.0299904188989712	0.0234420182632794	0.015922838288185
"HKB0056_3002_T"	0.140107615817726	0.0210759791022389	7.99216608645439e-05	1.10024047114404e-14	2.93677919585192e-10	0.104648906415235	0.0366505226755431
"HKB0064_3004_T"	0.0261916007459901	0.0448457789191714	0.135823642332248	0.0320226424662498	1.55880471990198e-14	0.0608002733051473	6.44590930842899e-06
"HKB0065_3006_T"	0.121860322033103	0.057755362252568	0.00106993618654227	1.1845134690383e-14	0.0982653109729014	0.055128410388094	1.1845134690383e-14
"HKB0067_3006_T"	0.105705793398057	0.131643127516368	1.68421169710816e-14	1.68421169710816e-14	0.00563284208079159	0.0735284667941605	0.0617946298325163
"HKB0069_3000_T"	0.206795278855989	0.204040508986574	0.115415950560329	9.25632279972111e-15	0.0279104164105696	0.047101581409913	9.25632279972111e-15
"HKB0070_3002_T"	0.0191644979626011	0.00853274100775073	0.00882903525604616	0.00751693760566902	0.0222300373171181	0.0267945750476864	1.6120953009477e-14
"HKB0074_3000_T"	0.0923853279654675	0.43973417497296	0.00510307759978667	0.0228823338624997	0.129124511780779	0.0237455397792679	0.0747751227314419
"HKB0078_3000_T"	1.30069495766975e-14	0.0186559078298045	1.30069495766975e-14	1.30069495766975e-14	0.0412030350732562	0.133288074088033	0.0716236864683717
"HKB0079_3006_T"	0.254342066522985	0.150894630532347	2.17478828800764e-13	9.37203333573678e-15	0.00821418362669792	0.0184629188407986	0.0466576644099904
"HKB0080_3006_T"	0.0222951935782395	1.2580118801144e-14	0.0499975640761293	1.2580118801144e-14	0.00849750357546713	0.041917835969116	4.02856151164015e-10
"HKB0082_3006_T"	0.361637456696514	0.103977514689418	0.0505985176273638	1.01531424432734e-14	0.0231002183220734	0.00680458724518387	0.00565723813382655
"HKB0084_3000_T"	0.179417009915799	0.0808459445604507	0.00149848362388022	1.1882898143512e-14	1.1882898143512e-14	0.183732591519948	1.1882898143512e-14
"HKB0086_3006_T"	0.0191349574140998	1.43174115841155e-14	0.0262553374615711	1.43174115841155e-14	1.43174115841155e-14	0.145886734914609	0.0120935519213193
"HKB0088_3000_T"	0.1037735662011	0.0334725272035574	0.0499510406279943	0.0234865206057487	0.0198891822366253	0.134141771375218	9.65148448510167e-11
"HKB0089_3001_T"	0.12433477858875	0.111072876365562	0.118314397578964	1.26608149296354e-14	0.0113284868064248	1.26608149296354e-14	0.102031459636257
"HKB0091_3001_T"	0.19909987183224	0.0801787930860902	0.0379434151760005	8.05850094260986e-15	0.238935310814494	0.0361726748838658	8.05850094260986e-15
"HKB0092_3000_T"	0.000935210159837168	6.4589260409327e-15	0.0135969126712687	6.4589260409327e-15	0.0562126183258439	0.0597295204629157	0.0124662890478986
"HKB0094_3006_T"	0.112288446510381	0.252597200828066	0.0144521617949879	1.07492992244774e-14	1.07492992244774e-14	0.077567185412666	1.07492992244774e-14
"HKB0096_3001_T"	9.99565470343352e-15	9.99565470343352e-15	0.0643467683868245	9.99565470343352e-15	9.99565470343352e-15	0.00565260726036434	0.0291266489241806
"HKB0097_3000_T"	1.60636378934515e-14	0.0556263085497733	1.60636378934515e-14	0.00226324970232366	1.60636378934515e-14	1.60636378934515e-14	1.60636378934515e-14
"HKB0098_3005_T"	0.136858498187775	0.138713442445173	5.49525247063096e-09	1.16668988241055e-14	0.150573960178413	0.0347776250155287	0.0298978226351089
"HKB0100_3006_T"	6.39370753760593e-15	0.0128949363386085	0.00449122733725239	6.39370753760593e-15	0.00353713009779886	0.0266388661954982	0.000245906661095314
"HKB0101_3000_T"	0.0472838296950742	0.162917201289843	0.109131115429187	1.54486731686273e-14	0.0091347823985819	0.13260382564013	1.54486731686273e-14
"HKB0102_3006_T"	0.00707305651204174	0.001438192168048	1.80923475830975e-14	8.91108599199549e-05	0.0531775075631223	0.0562175657507051	0.0693804517220556
"HKB0104_3006_T"	8.60871590823517e-15	0.0263015523223537	0.0550333783304016	8.60871590823517e-15	8.60871590823517e-15	0.0819803648503905	0.0386767454545008
"HKB0106_3006_T"	1.69032550805235e-14	0.00751716972566931	0.111866194274859	1.69032550805235e-14	0.00461579966649659	1.69032550805235e-14	0.0065711733878683
"HKB0108_3000_T"	1.14978189280176e-14	1.14978189280176e-14	0.0122544477204422	1.14978189280176e-14	0.012792236474359	0.00168553605365119	0.0486098778833327
"HKB0109_3006_T"	0.0179654683169058	0.00316158607094319	0.00242386206416504	1.53305411253881e-14	0.012581531863656	0.0173425538106972	1.53305411253881e-14
"HKB0115_3006_T"	0.111701792761859	0.185504954502954	1.35821812151503e-14	1.35821812151503e-14	0.0370955623780707	0.0339003550533509	0.00597842410914905
"HKB0120_3000_T"	0.0948527103943249	0.213225558732161	0.103366658172929	0.0775502443438228	0.018152759866933	0.00569419774981927	0.0221546665077069
"HKB0121_3006_T"	0.0921465108679008	0.0859613147896597	0.0270193255066177	1.20946620432615e-14	0.00114968222607671	1.20946620432615e-14	0.0206174830407357
"HKB0123_3006_T"	0.00220575575266202	1.30555674445748e-14	0.0451867083463239	1.30555674445748e-14	0.0608587494439364	1.30555674445748e-14	6.72091388755355e-12
"HKB0124_3003_T"	0.00477211710093799	0.0104836953404368	0.0217367346125763	0.0096538924428179	1.7138765952303e-14	0.0737914118943914	0.0301467912406742
"HKB0125_3006_T"	9.62356786305055e-15	9.62356786305055e-15	9.62356786305055e-15	9.62356786305055e-15	0.0519747098862375	0.0962224808156299	0.0303482485828046
"HKB0127_3006_T"	0.0519217813814758	0.308915169755483	1.43972053836188e-14	1.43972053836188e-14	0.0119231927802521	1.43972053836188e-14	0.0312806105599995
"HKB0129_3000_T"	0.103704394700413	0.312037918563107	0.0320626785437277	0.100865198753506	0.0550060380799402	0.0966398021872735	0.0399224070928963
"HKB0132_3006_T"	0.0427187870213096	0.123727017212082	0.0166349067939133	1.10654954331896e-14	0.043361811430294	0.0107583134470439	0.20957295933838
"HKB0134_3006_T"	0.190487369978862	0.128645093200666	0.0640218778342399	1.05570604750233e-14	0.0718464944768101	0.0549438759888056	1.05570604750233e-14
"HKB0137_3002_T"	0.204930127535366	0.0496813393188437	0.00681070433120036	1.0887302019911e-14	0.0258838885631204	0.0660787365213567	0.0404900863970465
"HKB0141_3006_T"	0.00451073272354004	0.0520592863371324	0.0871620624234712	1.71343489141108e-14	0.0762113507645941	0.0469304884926112	1.71343489141108e-14
"HKB0143_3006_T"	0.13963532181164	0.120720029916471	0.127517320843458	1.31887868159757e-14	1.31887868159757e-14	0.00437210008138214	0.0163540458095977
"HKB0147_3000_T"	1.19428517080814e-14	0.0032811876973407	0.0867201383955967	1.19428517080814e-14	0.10443972445642	0.0322792299778987	0.00804091971440482
"HKB0150_3006_T"	8.31724221662611e-15	0.00525891551669096	8.31724221662611e-15	8.31724221662611e-15	0.00208212506974931	0.0249736707812877	8.31724221662611e-15
"HKB0155_3000_T"	0.0545747206780569	0.234951952362856	0.0680824641800934	0.0219249415779625	0.0317038357654464	0.028179812919691	0.0334902462785996
"HKB0157_3006_T"	0.0227991586154269	0.0904339049971285	0.0102945822692294	1.23043678974863e-14	0.0992680962242284	0.0197570535914194	0.0871711736397811
"HKB0158_3006_T"	0.0295657644062934	0.068408409723671	0.241734512081493	0.00200429829332554	0.0358013864313078	0.0960390794642885	0.0291246697023369
"HKB0159_3006_T"	0.0225074606557499	0.000525013093739633	0.0458740352268257	0.00638080685237643	0.0392115772923075	0.220773980181933	0.020517898945943
"HKB0160_3000_T"	1.09326114546258e-14	1.09326114546258e-14	0.16189408854207	0.231467379183873	0.0529682223150632	0.00148152089072883	0.070764104593753
"HKB0161_3001_T"	3.63220522144619e-08	0.172914466755733	0.009631778740844	0.0281682066214035	0.11251595436926	0.078427433766483	0.146521467419392
"HKB0162_3006_T"	0.101474647090079	0.243488938034487	0.0160335887941177	1.24620351868465e-14	0.0146851298252466	0.0459278316665516	0.101290379634659
"HKB0164_3006_T"	1.88351303267809e-05	0.0337954502168137	0.0373554098049468	0.0114278782393797	0.116008810677342	0.186976363453371	0.0186337650892115
"HKB0167_3006_T"	0.375477744532229	0.247871588280359	0.0295391709181923	7.7316346706795e-15	0.0121511662944096	0.0624456526727331	7.7316346706795e-15
"HKB0168_3006_T"	1.9496844756378e-14	0.115504300517062	0.0268373128033439	1.9496844756378e-14	0.0141835131095857	0.0644161270230725	0.0466328693893664
"HKB0179_3006_T"	0.0398644318550217	0.0569974662388564	0.0099839415142044	1.50356923426722e-14	0.114154094093925	0.229124221251775	1.50356923426722e-14
"HKB0182_3006_T"	0.00473654314813348	0.0410796045535314	0.00154628153124348	1.40778041764912e-14	0.0414684317720217	0.113505348293374	0.0298658397005003
"HKB0186_3000_T"	0.0724221715043633	0.307686569425193	0.00230646063232914	0.0795858102463682	0.0614849268527591	0.0463431344713964	0.030511772679956
"HKB0191_3001_T"	0.0425206829137146	0.103244860537373	0.00504984202073373	0.006521874475378	0.117325544954101	0.103093703022247	1.60899381601074e-10
"HKB0194_3006_T"	0.210962304711194	0.234563229330773	9.34356534391639e-15	9.34356534391639e-15	0.00101173258581065	0.0423986855196678	0.00753896044838438
"HKB0196_3006_T"	1.35444948018809e-14	0.00616694715766562	0.0656805023066817	0.00231672015417832	0.00841095189150607	0.186783307484232	0.0284591170758014
"HKB0207_3001_T"	0.129550575264575	0.252264544327044	5.30308147079669e-09	0.109221715110689	0.0773546525233016	0.0263474643229976	0.0296998270637295
"HKB0208_3006_T"	0.0322874865963497	0.0670773311171403	0.0747985348955889	0.000779276519917686	0.0241389613678894	0.177426977732301	1.42934845598065e-14
"HKB0209_3004_T"	0.0499346999953095	0.00948082112288822	0.0769999908954235	1.12249252042324e-14	0.162657668752234	0.0704534287579466	0.0404419365466967
"HKB0210_3006_T"	0.0234216951610789	8.04606899640494e-15	0.112639180928605	2.61578129530815e-08	0.305704807424332	0.152220309671007	0.0213387695029408
"HKB0211_3002_T"	4.08377982819489e-15	0.028015147068543	0.0247066187288055	0.00227238124131144	0.0309269642677006	0.0171924463602016	0.094249891180544
"HKB0214_3006_T"	0.0568107968070366	0.197135175197268	0.0952929264643397	9.91354124630019e-15	0.0690880079719903	0.0788021672133846	0.0831992504728314
"HKB0217_3005_T"	1.06668087044639e-14	1.06668087044639e-14	0.133878189003166	1.06668087044639e-14	0.0679304089248796	0.0346448712269435	0.00954216197409365
"HKB0219_3001_T"	1.65239578234114e-14	1.65239578234114e-14	0.0570850376121506	1.65239578234114e-14	0.0595181624755454	0.0255991135200024	0.0312257758020037
"HKB0220_3000_T"	0.194956733421109	0.288185268934358	0.0113009038385282	8.84093234890724e-15	0.0552828310013461	0.0421917721979227	8.84093234890724e-15
"HKB0221_3001_T"	0.0714197400235626	0.0482144286730673	2.31019069598501e-09	1.84752873362866e-14	0.054301194463919	0.115983161856101	0.071195727555349
"HKB0222_3006_T"	0.00259237649831034	0.00983859914958462	0.00773764780245357	0.0145820822050239	0.0259727750310284	0.308482538638343	0.00817680770226064
"HKB0225_3001_T"	9.91810883418019e-15	9.91810883418019e-15	0.0312547370421691	9.91810883418019e-15	0.033674620519073	0.122620297537067	9.91810883418019e-15
"HKB0226_3001_T"	1.43347867744203e-14	1.43347867744203e-14	0.023521082253198	1.43347867744203e-14	0.0484693779251632	0.159211587300072	0.0302099036149343
"HKB0227_3006_T"	0.0701228976355944	0.0589424057817754	0.00974412603075522	1.48941421171657e-14	0.00176386947984697	0.0383451237780229	1.48941421171657e-14
"HKB0228_3002_T"	0.00894019539662267	0.0228422591634704	2.00344609670366e-13	1.28602171639678e-14	0.14024654527858	0.0390267213638028	0.0599231566057304
"HKB0230_3006_T"	0.0398239555280648	0.00100655158259533	0.0387526393283186	1.53625531113533e-14	0.0219502042754088	0.0845786067529891	0.0233222167795859
"HKB0232_3000_T"	9.08421711129622e-15	9.08421711129622e-15	9.08421711129622e-15	9.08421711129622e-15	0.117067401953905	0.0779365892601893	0.0124487208266971
"HKB0233_3006_T"	0.00561631962416582	6.39224036443287e-15	6.39224036443287e-15	6.39224036443287e-15	0.013603177833793	0.0862737017647318	6.39224036443287e-15
"HKB0540_3000_T"	0.00420000193591975	1.32207124025372e-14	0.0708628313395314	0.00596828295328742	1.32207124025372e-14	0.116415598005246	1.32207124025372e-14
"HKB0552_3000_T"	0.0473259858804168	1.9232320450537e-14	0.0130972194196461	0.141064095871074	1.9232320450537e-14	0.185639148874526	0.0977913646591191
"HKB0558_3000_T"	0.0215947446200748	0.0363250420297453	0.0534833012282138	1.56519731910977e-14	0.00323355507862797	0.167565067269536	0.109323915740893
"HKB0564_3000_T"	0.000183157731524598	0.0883255296657481	0.0750872435256319	1.31108284516076e-14	0.106007845601359	0.0904452338416163	0.0644393514599148
"HKB0573_3000_T"	0.132573087166272	0.367974292525865	0.00207618635336631	2.98585112026815e-14	0.0823292635682357	0.0252561505174504	0.00789151255622945
"HKB0576_3000_T"	0.0189761602682477	0.0187588162483699	0.0401734822142987	1.37615316331682e-14	0.0328313543935644	0.0590406525411611	0.0158058089732969
"HKB0579_3000_T"	0.0973988755712504	0.3036241507572	0.00831775543150287	1.19649655633791e-14	0.046534837705904	0.0991334095303727	0.160068547670945
"HKB0585_3000_T"	1.06834719658399e-14	1.06834719658399e-14	0.0410354223341044	0.038627416039674	0.00621581672046089	0.0383009212575002	1.06834719658399e-14
"HKB0599_3000_T"	0.0917568889541028	1.27869926186344e-14	0.0945087183844918	1.27869926186344e-14	0.0617002598099266	0.183849459543443	1.27869926186344e-14
"HKB0605_3000_T"	0.138718273722797	0.132304144752797	0.0598360657806212	1.53079527153971e-14	0.0115985644764575	0.0667720258853933	0.0147053845320726
"HKB0620_3000_T"	0.0200413039447899	0.124074994469446	0.141467386592875	1.21333501750364e-14	1.21333501750364e-14	0.0388380819070425	0.0779656303433176
"HKB0626_3000_T"	8.23144685791025e-15	8.23144685791025e-15	0.043985850521836	8.23144685791025e-15	0.0191682582022197	0.00840096165971892	0.0100635180281791
"HKB0629_3000_T"	1.25176969482238e-14	0.000873996432706869	2.58290776569539e-11	0.0136502067253139	1.25176969482238e-14	0.0604028992317575	0.11360786143128
"HKB0638_3000_T"	1.40631808213564e-14	0.0272538495663748	0.165446592290212	1.40631808213564e-14	1.40631808213564e-14	0.112299586817569	1.40631808213564e-14
"HKB0644_3000_T"	1.03190061635575e-14	0.00502956416857021	0.00374979390851707	1.03190061635575e-14	0.086489338558826	0.0799234940939476	1.03190061635575e-14
"HKB0650_3000_T"	0.227469267841101	0.195338861207357	0.0081714562172552	1.02406504008104e-14	0.0570444902114033	0.120421134083203	0.0129379639048206
"HKB0653_3000_T"	0.0826076749907612	0.142702680547309	0.0106444305460019	1.3602809538451e-14	1.3602809538451e-14	0.0510418396003993	0.125147328128385
"HKB0656_3000_T"	1.39419198906289e-14	0.0189058814640056	0.0062428077038579	1.39419198906289e-14	1.39419198906289e-14	0.0518700747211711	0.0273553701030507
"HKB0659_3000_T"	0.359559989561911	0.24828409778874	0.0136028345759996	8.7890808157376e-15	8.7890808157376e-15	0.0325949646578488	0.0828842651408054
"HKB0665_3000_T"	1.29165982804427e-14	1.29165982804427e-14	0.0144326821669596	1.29165982804427e-14	0.0218034806054869	0.102165122009455	0.0113564981381105
"HKB0668_3000_T"	0.058801213984534	0.0568782535964605	0.0805270971186198	1.22516397355761e-14	0.0730756964172938	0.0564039915108683	0.0213102783640978
"HKB0674_3000_T"	0.222544372451415	0.333152375354746	0.0803483984430013	6.61588695175493e-15	0.0308333639395798	0.0206377264370385	5.64816444346115e-11
"HKB0677_3000_T"	1.14176650379735e-14	0.0217005738511524	1.14176650379735e-14	1.14176650379735e-14	0.0653807763246441	0.039758459353369	0.0437436595485079
"HKB0683_3000_T"	0.229397091412271	0.24416683981674	0.016512275546067	1.31027360863144e-14	0.0705368920595466	1.31027360863144e-14	0.0273028805287551
"HKB0692_3000_T"	3.89280094137814e-13	0.00228384085051007	0.0534213554974886	1.12125600652926e-14	1.12125600652926e-14	0.00995990976994501	0.035177888180921
"HKB0698_3000_T"	0.0605003959768015	0.00418041231160919	0.072715352993442	1.45011689491189e-14	0.0438350217764083	0.0449281841343109	0.0515735481208569
"HKB0701_3000_T"	0.00670868113643464	1.32113182301162e-14	0.0135286596225337	1.32113182301162e-14	0.105337803894397	0.0195385028366024	0.0414308270196427
"HKB0704_3000_T"	9.71567084292088e-15	9.71567084292088e-15	0.0356496492518083	9.71567084292088e-15	9.71567084292088e-15	0.0458828393504027	0.00565881329285778
"HKB0710_3000_T"	0.386738386702991	0.107683608153114	0.013615648063476	8.32774640604189e-15	0.0888754617014755	0.0131871789298638	0.0419733670565017
"HKB0713_3000_T"	1.1116813249771e-14	1.1116813249771e-14	0.0401217486233292	1.1116813249771e-14	0.0565781595662122	0.142371598117151	0.0107253121145898
"HKB0718_3000_T"	0.25651589664536	0.11653925918574	0.0590061848669233	9.69122879450448e-15	0.112019911003227	0.177057875901759	0.0156424439452957
"HKB0719_3002_T"	0.0229928257945841	0.237192782165121	0.0256003916639425	0.103813531996802	0.16285059583167	0.0379856945485185	0.0355726688119914
"HKB0721_3000_T"	0.0287999836700119	0.046518163934996	0.0439223433941707	1.27455856264128e-14	0.0282300072566696	0.108593826219817	0.0807148759106087
"HKB0722_3002_T"	0.124906124009211	0.00931797879600942	0.0677952655829079	1.51171847637816e-14	0.00446784981198121	0.066176546397617	1.51171847637816e-14
"HKB0726_3000_T"	0.000865311524877929	1.30553853988901e-14	0.0458722429163438	1.30553853988901e-14	0.0387305658891605	0.218258943868029	1.30553853988901e-14
"HKB0734_3000_T"	0.00159714644892531	1.50265738878814e-14	1.50265738878814e-14	0.00692458328085373	1.50265738878814e-14	0.130484279450924	0.0810804339936479
"HKB0736_3000_T"	0.279424415465302	0.389395296431116	0.0367658793834206	6.27681763777784e-15	6.27681763777784e-15	0.0869547968392782	0.00783861807056361
"HKB0737_3000_T"	0.0959641091770966	0.136313450450576	0.0830016404660001	0.00806345828294767	0.010988028693642	0.0494751779356627	1.47151553109156e-14
"HKB0744_3000_T"	1.31821470534143e-14	1.31821470534143e-14	0.0138050045497189	1.31821470534143e-14	1.31821470534143e-14	0.0396590006325071	0.0242678791240815
"HKB0748_3000_T"	0.0993723941862383	0.0562879896980602	0.106793079503086	1.23034445430808e-14	0.0245677429119395	0.101925890494635	0.0170433833381836
"HKB0750_3000_T"	1.27750355614244e-14	1.27750355614244e-14	0.0168431220039102	0.0078218986983003	0.0654570428626521	0.051005740707066	0.0529324041104886
"HKB0751_3000_T"	0.272389210547963	0.322959605725791	0.0344168324382276	9.68280168474702e-15	0.0291236260889421	0.0664953604846574	9.68280168474702e-15
"HKB0752_3000_T"	0.234396542359609	0.100042461899521	0.221812102562614	7.52739768674989e-15	0.0324132393731857	0.0604631835807059	0.0112430997140464
"HKB0004_3000_N"	0.114682747127785	0.0665572431806466	0.0425980256232809	0.222698767743269	0.135560722440116	0.0769227373091018	0.0943122548841821
"HKB0005_3000_N"	0.0362990701472582	0.0557165884251557	0.0124258388155369	0.0950244332619877	0.238553134475076	0.0995606679830047	0.0910132888513403
"HKB0006_3000_N"	0.0199172047360994	0.08784450985109	0.0356359328519451	0.20673301623117	0.0562896325353473	0.0685676711240323	0.0346941164234392
"HKB0019_3000_N"	0.0082175179162301	0.0180537905492499	0.0273047848387855	0.302553855734738	0.115775842704892	0.0721345809894188	0.082148474190727
"HKB0023_3000_N"	0.0183559781463622	0.0620225906761922	0.0951905465920575	0.443732966038556	0.0491216333254918	0.0284077365738573	0.00968596558346708
"HKB0033_3000_N"	1.18885223686947e-14	0.0288549656635732	0.103139797430631	0.305174903743018	0.108199560226725	0.0930709517315022	0.0644330996066466
"HKB0035_3000_N"	0.0346498223106145	0.00997690336958004	0.0380242878084123	0.113886157527432	0.18725908126529	0.00781558757710722	1.04943146671601e-14
"HKB0036_3000_N"	0.0422762065842948	0.0314321711737967	0.0332977486210697	0.155969740881696	0.177719364716685	1.73976180090439e-14	0.0993142910016237
"HKB0038_3000_N"	0.0328243984914749	0.0528138425861078	0.00177784476049903	0.179667431906373	0.11691406597079	0.0921265347382424	0.114033009313513
"HKB0040_3000_N"	0.049624700772692	0.156250320598939	0.0744120929614899	0.158091484027918	0.119925172152438	0.120433465683318	0.0900598523370052
"HKB0044_3000_N"	0.0171876715645606	0.0376895718068441	0.0475175680375989	0.0914695431370749	0.228950724350123	0.0524846126268716	0.0623233318222322
"HKB0049_3000_N"	0.0261416266001712	0.0488381703913108	0.0785420643573939	0.393562671314345	0.0347066903035515	0.0158683833387852	0.0282515480097364
"HKB0050_3000_N"	0.0658028651014995	0.0183602783595168	0.0590684783021244	0.262041100231026	0.0504141302198459	0.0650428648869628	0.0540066185243949
"HKB0052_3004_N"	0.0299642306873057	0.0682650485238175	0.0774393056036527	0.365653610650781	0.0786917431449748	0.0221600311024156	0.0533133484276105
"HKB0064_3000_N"	8.2371337729112e-15	8.2371337729112e-15	0.113719465086499	0.148928973560399	0.000143563369282648	8.2371337729112e-15	0.0493857691599021
"HKB0067_3000_N"	4.44892854086242e-06	1.04296397557325e-14	0.0694135126078763	0.317334788971256	0.0491433771153793	0.00458889289835549	0.0495394859223151
"HKB0074_3003_N"	1.03290028654205e-14	0.0596939034042142	0.0636196014098335	0.30889356743644	0.0986062368070273	0.0318362467405006	0.0299789415323551
"HKB0079_3000_N"	0.000860372736456228	0.0576265927881598	0.0551667837558387	0.0921533176312189	0.217507081057491	0.120588725824825	0.0368984742670941
"HKB0094_3000_N"	0.00949940040735375	0.0400966626295386	0.0524827094737043	0.384088359758362	0.145641715495584	0.0562088240016984	0.0746584665436598
"HKB0096_3000_N"	7.32928271384994e-15	7.32928271384994e-15	0.0648641264598801	0.190818940269073	0.0183697830086767	0.00231365267516976	0.0255948590006914
"HKB0097_3004_N"	0.0306224972506172	0.0035215570868487	0.0353405511557022	0.491935675473018	0.0668851875891392	1.28720393895179e-14	0.0286243626043669
"HKB0098_3000_N"	2.09891007461714e-09	0.0378536090341605	0.0162877910517247	0.333556496751607	0.0383825300453899	1.00415216572945e-14	0.0797479859629633
"HKB0102_3000_N"	0.00505256352775274	0.0590735268276354	0.0389814945106072	0.347951269263519	0.09551108455134	0.0234472891141036	0.108994955783144
"HKB0106_3000_N"	0.0138900443569201	9.83944717143501e-15	0.114991208023897	0.308186789714449	0.0724462741209465	9.83944717143501e-15	0.0626255058287358
"HKB0109_3000_N"	0.0189044875253154	0.0162001968865169	0.0108759187783859	0.358332624388717	0.0296181228647671	7.98696451674045e-15	0.0549966132465968
"HKB0115_3000_N"	0.0440136326708398	2.22281691172274e-05	0.081243055522345	0.415847914605223	0.0328866347760103	0.0153347460369531	0.0305965546762482
"HKB0120_3002_N"	0.0763076263802851	0.0654849945265762	0.0719462084322267	0.218073846890171	0.16800238715595	0.0919394049982714	0.0214885302844578
"HKB0121_3000_N"	1.09384324493253e-14	4.1656005435411e-05	0.122645786797545	0.357955210124527	0.0339317126209015	1.09384324493253e-14	0.123998526844598
"HKB0122_3002_N"	1.63689235470926e-14	2.32959405307189e-06	0.0972814032283136	0.297956164549037	0.0497567710701965	0.0643621280532008	0.0317237346022281
"HKB0123_3000_N"	8.64557373775206e-15	8.64557373775206e-15	0.0616932935444472	0.347782074041872	0.00899121810418585	0.000253008075541273	0.0284689581759835
"HKB0124_3000_N"	9.98179540590623e-15	9.98179540590623e-15	0.0894253746818934	0.320055374226469	0.0296853474012901	9.98179540590623e-15	0.0327471619932465
"HKB0127_3000_N"	0.0114838179550807	0.00112550705607643	0.0163782375631175	0.0470661228410063	0.138453760501689	0.0786110995450566	0.0690859670653836
"HKB0129_3002_N"	1.02191501835154e-14	0.00161708419963041	0.0765154939128217	0.339403583209393	0.00608079469729509	0.0152013377640768	0.0969059108058008
"HKB0132_3000_N"	7.85020944210714e-15	0.00182457819759978	0.055847411029085	0.254860400580885	0.00968872005611751	0.0106065975000233	0.128819171076189
"HKB0133_3000_N"	1.14503373249554e-14	0.0186007858569334	0.0256613537452929	0.324781521093931	0.0785814588853667	0.0461883681388613	0.011389816971088
"HKB0134_3000_N"	9.38711553348807e-05	0.00111732380124436	1.40386385577525e-14	0.000295155141441536	2.20312328226186e-05	1.40386385577525e-14	0.0207074174328193
"HKB0137_3000_N"	1.9763176503974e-14	0.0834036390178865	0.0388187163664883	0.279184570486596	0.143212798132042	0.0183002239828132	0.0198772154424698
"HKB0141_3000_N"	1.59947622314769e-14	0.0119569005106306	0.0231820661770814	0.0820334133279454	0.095142531971613	0.0127761219530903	0.0237760864331905
"HKB0143_3000_N"	1.21580825056269e-14	0.0176235851037454	0.216532992618734	0.286875729080292	0.0649612587370303	0.0344826129721319	0.144663899405403
"HKB0149_3000_N"	0.0105139565564654	0.00626386971477723	0.0212188012935446	0.0796420962205768	0.274424875507642	0.00271761852201001	1.66098343566532e-14
"HKB0150_3000_N"	0.0310104371182913	0.0130518793163932	1.87289759410708e-14	0.369108199280475	0.0629486291911459	0.0887300549280085	0.030187831143423
"HKB0155_3003_N"	1.03037704590309e-14	1.03037704590309e-14	0.0783314102012129	0.255940418776077	0.0481558457599525	1.03037704590309e-14	0.0311358049710646
"HKB0157_3000_N"	1.06597176385993e-14	1.06597176385993e-14	0.147806869940814	0.280137461869729	0.0453685439892235	1.06597176385993e-14	0.0427669002581236
"HKB0158_3000_N"	0.041048292174059	0.0196420876790285	0.0829646203506683	0.351909431642584	0.100641493894778	3.01534702431535e-10	0.0365971653401683
"HKB0159_3000_N"	0.00707033172218324	0.0172463517006607	0.0980286802815763	0.271860427171048	0.0649690320486535	0.152821571546915	0.0945874737363946
"HKB0160_3001_N"	8.31822454566824e-15	8.31822454566824e-15	0.118943849330365	0.304411362154215	0.0784376198765538	0.0105680828553663	0.032173956716659
"HKB0161_3000_N"	1.06809912589797e-14	0.000253010004049895	0.101823074258404	0.325269545842743	0.0413694412505561	0.0120589443226514	0.0165813400705238
"HKB0162_3000_N"	0.0356460694712822	0.0102831786052237	0.0336730615546304	0.391940913648074	0.0780649603299117	0.0754120401462702	0.0202294618984025
"HKB0164_3000_N"	1.47748681296145e-14	1.47748681296145e-14	0.00991521437994054	0.0776363758133059	0.123299429345961	0.211509595993124	0.0694861606515087
"HKB0167_3000_N"	0.11692520311878	0.129502052382833	0.0499386940413459	0.225361630037552	0.0470540142578752	0.102550441064099	0.0486709237951018
"HKB0168_3000_N"	0.00121758589434385	0.0660825360493934	0.0230710567953336	0.0377755369752343	0.151746001262239	0.137344161187718	0.123357081769291
"HKB0179_3000_N"	0.0042211852768618	0.0867643593588249	0.0550997759587267	0.361335879883439	0.15789957845677	0.0942671341142705	0.0562873811366187
"HKB0186_3002_N"	0.0213143253557567	0.085410346058074	0.0346176290676922	0.194015743700709	0.179486561724221	0.125858302648599	0.150464907315026
"HKB0194_3000_N"	0.0435389760523255	0.0946981442611728	0.0507750045447122	0.0791381375632042	0.216582681245314	0.0499386776591171	0.0348536650040577
"HKB0196_3000_N"	0.0510253388143462	0.057483019877544	0.0855395405123957	0.344083782384845	0.111431595994224	0.0998509013468725	0.079479643262094
"HKB0198_3000_N"	0.0419524225959707	0.0657196423995923	0.075696001258048	0.216447705525455	0.0613272843751882	0.157697377101464	1.07653594059134e-14
"HKB0207_3000_N"	1.1235893222049e-14	0.00676552385755847	0.0771619737432922	0.314819310678067	0.0574139166491439	0.00773327620265105	0.0391337151510084
"HKB0210_3000_N"	0.00961783412094301	8.05009904275207e-15	0.0263286074045353	0.184681925782824	0.23261291521609	0.0624316907418021	0.0506784355317816
"HKB0211_3000_N"	0.0973439507705213	0.0902857913984541	0.0406559821832777	0.384188553707205	0.042976513006073	0.0128802134558783	0.0606244543213944
"HKB0214_3000_N"	1.15535728728984e-14	0.0639305926584206	0.0817513521591402	0.129729918307744	0.248466980203075	0.136991290204803	1.15535728728984e-14
"HKB0216_3000_N"	0.21177211770382	1.02759092406458e-14	0.0222719319086336	1.02759092406458e-14	0.0223842817154348	0.0516072776964021	2.37781332827983e-10
"HKB0219_3000_N"	0.0750007497183018	0.0648612654162583	0.0462236260561838	0.21895869166109	0.0981499079812646	0.0560077196002202	0.0102984013299436
"HKB0220_3003_N"	0.0534670362104372	0.0718520997909881	0.0895602359830631	0.322082217830582	0.0216575689369967	0.021993430912407	0.0228890651400467
"HKB0221_3000_N"	9.90419878734868e-15	0.0727981521330207	0.104889470853363	0.27640704817614	0.122531202150136	0.0371866958823692	0.0360321934559933
"HKB0222_3000_N"	0.067434485075782	0.0233816431442977	0.0863239118075404	0.216745860089053	0.0809580357323287	0.125091694919523	0.0971397569390469
"HKB0225_3000_N"	0.0172357995526656	0.102994303523613	0.0345776005595138	0.114872771199082	0.0926118033972185	0.157208246743152	0.103168496610213
"HKB0226_3000_N"	1.1073031558121e-14	0.00439423372165828	0.123799209624224	0.294926141315467	0.0191370932275029	0.00825859608409968	0.0351820279010864
"HKB0227_3000_N"	1.14681856498396e-14	0.0134047153927517	0.0408972891522883	0.39823885046761	0.0709697634025223	0.0856785139226453	0.0604887907524286
"HKB0233_3000_N"	6.17699339118106e-15	0.00408009350126798	6.17699339118106e-15	0.0311182248059457	0.0591611881376614	0.0400035567065888	0.0423944492417444
"HKB0538_3000_N"	1.18228638370478e-14	0.166113660617631	2.35170333560267e-08	0.146926872635432	0.0552836351055304	0.191770506399003	0.119681767490497
"HKB0562_3000_N"	0.0208304952667079	0.0210921226914952	0.0166361979322197	0.0596572976911018	0.197204141311599	0.18603548893068	0.0998175100144787
"HKB0571_3000_N"	0.0197440973617892	0.0342666582080597	0.0795904782643015	0.353271421787057	0.0817909946725581	0.051655497177467	0.104724194423983
"HKB0574_3000_N"	0.029078859141048	0.0149078149409144	0.103921896804286	0.336698575184352	0.0520112510392177	0.038401459151899	0.06558995336931
"HKB0577_3000_N"	0.0033600386626181	0.00877622556408225	0.0485911613995887	0.325144463088743	0.0618776763331564	0.0541781690800124	0.110939237076042
"HKB0583_3000_N"	1.07816939639092e-14	1.07816939639092e-14	0.0597914198776269	0.350550092969958	0.0540540371517278	0.0180816648481792	0.0566703604449602
"HKB0597_3000_N"	0.0113212897564515	0.00974629874452827	0.0706794779154903	0.368856743251468	0.0308859669364237	0.028143985756176	0.0811966104703108
"HKB0618_3000_N"	0.0160732224500548	1.06373638178133e-14	0.071919033819474	0.483434407876234	0.0163984575329151	0.0361852520074313	0.0330132953810985
"HKB0636_3000_N"	0.0241299044822029	0.0650445063003018	0.0677225320539842	0.13594283592136	0.0147329447120886	0.145920092468463	0.0997865531496489
"HKB0648_3000_N"	0.0244281722344991	0.132032349511717	0.0279706481903943	0.244686725934614	0.108370502511263	0.0373845200634625	0.0226037130449453
"HKB0651_3000_N"	0.029720219992975	0.241326120012166	0.00532200602085897	0.136566887790093	0.10227731940165	0.038724568953887	0.120189615037897
"HKB0657_3000_N"	0.0192021632266516	0.0462613182044722	0.0606741938430123	0.271388613513429	0.260872417392375	0.0404949954064804	0.04740973651208
"HKB0663_3000_N"	1.48633471843669e-14	0.00248543248201367	0.0198771035923269	0.3784892361535	0.0699956758484567	0.0127265631918261	0.0381567679617708
"HKB0666_3000_N"	1.24969253318904e-14	1.24969253318904e-14	0.125335894857895	0.361076388606255	0.0225860315427116	0.00260772458352969	0.0603327070076686
"HKB0672_3000_N"	0.0789600857238884	0.080387345851057	0.0239349930019507	0.2819636730999	0.0651654572141167	0.0327250462387846	0.00680768828901726
"HKB0710_3001_N"	0.0531316150954314	0.0272375966743729	0.116115893719842	0.235807687411474	0.0619586326786679	0.121130364932595	0.106787835233603
"HKB0718_3001_N"	0.0664959892889038	0.119074280936999	0.0332842846107634	0.332169897523988	0.0642481955600512	0.112196245051487	0.0654524979095435
"HKB0719_3001_N"	7.34763138143473e-05	9.17007468038541e-15	0.07880408347336	0.308802777962129	0.0779368748570328	0.0111785815193674	0.0659182787926706
"HKB0722_3001_N"	0.00708393200595656	0.0448765321604798	0.0246427579092194	0.189074760653854	0.162153323996155	0.11292932539397	0.148475872641295
"HKB0744_3001_N"	0.00671384559644614	1.00884690328031e-14	0.0639403388199516	0.225640249160775	0.0549827526580477	0.0292409399247917	0.00804140690781062
"HKB0748_3001_N"	0.0317990499534787	0.00431498514570673	0.196699903275783	0.238368024672414	0.122465181068471	0.0749888237350136	0.0486023535906599
"HKB0751_3001_N"	1.37683346168139e-14	1.37683346168139e-14	0.0899037397734732	0.327834138317647	0.0808324031129014	0.0958557284596553	0.000806724602617096
"HKB0752_3001_N"	0.0554047576869312	0.0416387256535834	0.0447514908883989	0.250187455535366	0.180973968968695	0.0927270828539662	0.0665488214146721
