"ID"	"S01"	"S02"	"S03"	"S04"	"S05"
"HKB0004_3006_T"	0.00279889734900583	0.017401205370428	0.000578877555510423	0.0788324068120709	0.155769818607617
"HKB0005_3001_T"	0.00618972192092549	7.95075007827076e-15	7.95075007827076e-15	0.0310354104287011	0.0991516806205743
"HKB0006_3006_T"	1.07676844086096e-14	0.0211867673588452	0.0213223316687214	0.0296402504138143	0.352334387115309
"HKB0007_3005_T"	0.133894852631175	1.35002780545591e-14	0.0393794153350323	0.0501804295234757	0.227325351100282
"HKB0008_3006_T"	0.0371002177496741	0.24056024015767	0.138125439003013	0.1471497774733	0.0186858189984796
"HKB0016_3006_T"	0.086502495647008	1.71756566106034e-14	0.0815463220166653	0.189771635109896	0.20970081127032
"HKB0019_3006_T"	0.00905333625759058	1.38770408258954e-14	0.0300227731998889	0.0304217308309567	0.093917934895746
"HKB0023_3006_T"	0.000590608962572146	1.72183038253693e-14	0.134212541953611	0.0542946465460287	0.175377758864186
"HKB0031_3001_T"	0.00485862019790213	0.20317283969571	1.55708125679467e-14	0.13290022400891	6.71257785821351e-05
"HKB0033_3006_T"	0.00107750583558026	2.30820225935391e-14	0.163782884721639	0.0575520134529266	0.156269652369902
"HKB0035_3006_T"	0.0691661732379144	1.64662262887921e-14	1.64662262887921e-14	0.0201363408292791	0.134597012019716
"HKB0036_3006_T"	0.0381425782320829	6.56121857594317e-15	0.0210245759988112	0.013586830913198	0.0475784556971374
"HKB0038_3006_T"	1.50184821126596e-14	0.0145394169136254	0.148090418803025	0.015252017008973	0.0124791029705695
"HKB0040_3002_T"	0.677188387807106	9.64801873294068e-15	0.0347916616685035	0.0114833382889722	0.0459194847016316
"HKB0044_3006_T"	0.41993112459637	0.00288685658464062	8.401104211978e-15	0.0184187654323564	0.027068355220124
"HKB0049_3006_T"	0.0634953343671896	0.108690131124224	0.367733975830706	0.110922868055468	0.0268457161176254
"HKB0050_3005_T"	0.476361926850135	1.62279111056937e-14	1.62279111056937e-14	0.00751789707771363	0.0212665840216277
"HKB0052_3000_T"	0.0617544646285396	0.132301556452217	0.259829882983723	0.20045865913369	0.0359827006369581
"HKB0054_3000_T"	0.457915188314398	0.0327188068797376	0.0912091221079691	0.0439328199563871	0.199879338381813
"HKB0056_3002_T"	0.0618708840006419	8.46814706865671e-15	8.46814706865671e-15	0.258031631853663	0.18586305078188
"HKB0064_3004_T"	5.43278359207961e-05	0.108058326001513	0.156477720156649	0.098128640795483	0.157819573568048
"HKB0065_3006_T"	0.0900697990808877	0.0555654276786185	0.000345924911064866	0.0121769409181002	0.127238496277391
"HKB0067_3006_T"	0.103320837601094	0.000137684908677239	1.84780658360693e-14	0.0195557381490517	0.100648283213805
"HKB0069_3000_T"	0.499642606747353	0.0417501018002462	1.33571951310982e-14	0.113586376311799	0.0112187200052356
"HKB0070_3002_T"	0.163328000383746	0.0825662247870403	1.60021624862198e-14	0.0854109053252566	0.107493340627815
"HKB0074_3000_T"	0.179980178426161	0.122496656297641	0.115878278720874	0.275408748031427	0.0576991070202645
"HKB0078_3000_T"	0.0122347144566532	1.65321488100078e-14	0.0510615750491829	0.287138894832433	0.00315341436579617
"HKB0079_3006_T"	0.375378475472877	8.8960782186721e-15	0.0154727998251522	0.0142559631282829	8.8960782186721e-15
"HKB0080_3006_T"	0.0101132438543671	0.0376998231786924	0.0302883801085961	0.0368108129399318	0.0952071345304848
"HKB0082_3006_T"	0.64266617909881	2.86386058649987e-09	0.0278841155936269	1.13622033350086e-14	0.0242541608977179
"HKB0084_3000_T"	0.191593458991248	0.0639122854451003	0.0966443130619194	0.140405637276741	0.0874819235816358
"HKB0086_3006_T"	1.75140119992808e-14	0.0281726836838828	0.0490335325626793	0.167967744983941	0.203699901835308
"HKB0088_3000_T"	0.210117240256681	1.42772766510612e-14	0.0320046435362993	0.199424574920732	0.144998859416854
"HKB0089_3001_T"	0.0659807942776227	1.19753742056166e-14	0.0592025835664914	0.0724678878178755	0.0155376238119055
"HKB0091_3001_T"	0.296880077974844	1.03961482142569e-14	0.0157714910164311	0.331644251232786	0.0509136644613674
"HKB0092_3000_T"	0.0065349548811831	1.2665285708064e-14	0.0244046285501835	0.0292078868731269	0.0971702058048052
"HKB0094_3006_T"	0.182860994798509	1.58859724776999e-14	1.58859724776999e-14	0.110694924204151	0.158188841709001
"HKB0096_3001_T"	1.30106917984436e-14	1.30106917984436e-14	1.30106917984436e-14	0.022319709127497	0.0105190699564172
"HKB0097_3000_T"	1.86683009790467e-14	0.0486417807275654	1.86683009790467e-14	0.0889713826939516	0.0491406628280821
"HKB0098_3005_T"	0.279289951991164	1.50419466645404e-14	0.0339219162392009	0.177546856239048	0.105818659698666
"HKB0100_3006_T"	8.77163980129058e-15	8.77163980129058e-15	0.0532713223368508	0.228259041844031	0.179088266380391
"HKB0101_3000_T"	0.0520164439018926	1.78848520033125e-14	0.177283252308067	0.157102189944982	0.119338915187507
"HKB0102_3006_T"	0.0494052036227938	0.0243438758175179	0.0572883447738026	0.0793251246923184	0.0647204038509196
"HKB0104_3006_T"	0.0105655513515631	9.69961104351111e-15	9.69961104351111e-15	9.69961104351111e-15	0.0133160233266298
"HKB0106_3006_T"	1.80550684188822e-14	0.00357330373224872	0.0143812379778663	0.0325437320147335	1.80550684188822e-14
"HKB0108_3000_T"	1.27599107025022e-14	1.27599107025022e-14	1.27599107025022e-14	0.0253890042577777	0.00756753067452195
"HKB0109_3006_T"	0.0185649911342509	0.0449398542378213	1.7138843122978e-14	0.0232532444203905	1.7138843122978e-14
"HKB0115_3006_T"	0.0805828438232699	1.9023473093133e-14	1.9023473093133e-14	0.0890176291763623	0.115194727320151
"HKB0120_3000_T"	0.185891360232417	0.00552728454055485	0.387015247535686	9.46791805336485e-12	0.0896419965900304
"HKB0121_3006_T"	0.0619712599279381	1.91378617710423e-14	0.0088700400774671	0.0220922035458895	0.0197025351967311
"HKB0123_3006_T"	1.76073380282761e-14	1.76073380282761e-14	0.0487583213083039	5.39009292258233e-06	0.0983141207693893
"HKB0124_3003_T"	1.90856200133393e-14	1.90856200133393e-14	0.0201604718050423	0.106606552680442	0.122322156100266
"HKB0125_3006_T"	9.61729101232224e-15	0.00842418918606926	0.0266879145959483	0.10822971168679	0.112267219395208
"HKB0127_3006_T"	0.180730125649713	0.00167718706218211	0.0268521529886461	0.0450023843842229	0.0786619079198173
"HKB0129_3000_T"	0.13193284604171	0.0989671928655239	0.075146353896003	0.15710933720569	0.20331929068671
"HKB0132_3006_T"	0.0520194353874283	1.35874166506657e-14	1.35874166506657e-14	0.104203014663862	0.114457067989501
"HKB0134_3006_T"	0.136098406167972	0.00439707644652993	0.0240210673150424	0.109738953768891	0.18204462815155
"HKB0137_3002_T"	0.0944564270019144	1.41729107249691e-14	1.41729107249691e-14	0.0891119468344796	0.0770956236113656
"HKB0141_3006_T"	8.94077224205911e-05	0.0518177239531984	0.0350523897491752	0.0774462116074777	0.260684256976943
"HKB0143_3006_T"	0.122469849155081	2.87368761813504e-05	0.199593232821018	1.44073203241421e-14	0.00541657930203916
"HKB0147_3000_T"	1.3035242711472e-14	0.00854598655436662	1.3035242711472e-14	1.3035242711472e-14	0.306928432070169
"HKB0150_3006_T"	1.21270030622946e-14	1.21270030622946e-14	1.21270030622946e-14	0.065448383168523	0.0790663790438689
"HKB0155_3000_T"	0.0676158255519085	0.0708507230804329	0.200450876070875	0.0741364689127289	0.0752436021391895
"HKB0157_3006_T"	0.00940883769880456	0.0198088230530052	1.54247276511259e-14	0.0949848096934139	0.232288901031371
"HKB0158_3006_T"	0.0675170638002969	0.113339616314658	0.0438192518121768	0.0321341294584116	0.138718499725861
"HKB0159_3006_T"	0.0201693503286461	0.0467335776325604	1.24699893866284e-14	0.0326005807083098	0.136708268060064
"HKB0160_3000_T"	0.0667648154780699	0.368268651796479	0.292739434549408	0.0310607089358239	1.40609522836411e-14
"HKB0161_3001_T"	0.0322224394322747	0.0833257057118999	0.141673797483068	0.00997649629642274	0.0820149284778654
"HKB0162_3006_T"	0.180402615053251	0.0018518892173368	0.011009655339134	0.173599035979529	0.00539953581555964
"HKB0164_3006_T"	0.0556389757959095	0.103725289333731	0.0565613818328687	0.0964668832499007	0.223951435796876
"HKB0167_3006_T"	0.735802899925964	9.24814431944705e-15	0.0643363729217988	9.24814431944705e-15	1.79226568287905e-08
"HKB0168_3006_T"	0.028086332589585	0.0146136161955421	0.17908455126017	0.10543783280506	0.0280475373344134
"HKB0179_3006_T"	0.104526456003657	1.63130855053491e-14	0.132033433083717	0.0438281345149588	0.261940150376014
"HKB0182_3006_T"	1.18115110291145e-14	1.18115110291145e-14	0.0971040494508109	0.0100229172780766	0.126566341574701
"HKB0186_3000_T"	0.124790208339125	0.0756424877714933	0.489907700083415	0.0179819821149972	0.101417545750524
"HKB0191_3001_T"	0.0987015668559629	1.70587341586432e-14	0.144202515664216	0.115039484586508	0.06110657979118
"HKB0194_3006_T"	0.561674673166049	1.0831187495725e-14	0.0141839770906207	0.0609291232487315	0.0926909994824989
"HKB0196_3006_T"	1.3301663083201e-14	0.0414918175263697	1.3301663083201e-14	0.0313773161693027	0.144055148706207
"HKB0207_3001_T"	0.181220758135401	0.0886627848806592	0.137729243231159	0.135532813244412	0.1367207075588
"HKB0208_3006_T"	0.0981418715792044	1.50961159336777e-14	0.154542504127784	0.123001972637529	0.145083202558843
"HKB0209_3004_T"	0.00439066859651191	0.00343096015039635	0.207496226986919	0.253164089362243	0.189305929143913
"HKB0210_3006_T"	0.0919822453974432	7.75848767710591e-15	0.000394016942731932	0.109662480570795	0.330376265314957
"HKB0211_3002_T"	0.0121175718141486	7.4393836137973e-15	0.00605817454942926	0.0282064571166734	0.0953634620092165
"HKB0214_3006_T"	0.197206553784279	0.0118096757802583	0.0383136161364565	0.0549529481153984	0.0693475407205831
"HKB0217_3005_T"	0.0017224639897167	1.17300151084544e-14	1.17300151084544e-14	0.0174532021753729	0.123841739699934
"HKB0219_3001_T"	0.0145100086488792	1.90970776110577e-14	0.0239455910150054	0.0065983732794122	0.110666199203776
"HKB0220_3000_T"	0.283355018539386	1.27153520725444e-14	0.174748567976955	1.27153520725444e-14	0.024336188841228
"HKB0221_3001_T"	0.0606458409353011	1.84114304025722e-14	0.116066224756933	0.0498916533644175	0.14236723628723
"HKB0222_3006_T"	0.0296169844207698	0.00301942078512581	0.0123838245866827	0.204063159701041	0.0815494238522288
"HKB0225_3001_T"	0.0166859620339457	1.51047140729013e-14	1.51047140729013e-14	0.017121682760691	0.0841689093855902
"HKB0226_3001_T"	0.0249542147914805	1.97382473743887e-14	1.97382473743887e-14	0.0472913968305507	0.144118346298999
"HKB0227_3006_T"	0.0395187745044808	1.54152862070643e-14	0.0314031962935853	0.0627003849486685	0.123230156425573
"HKB0228_3002_T"	1.52045439179035e-14	1.52045439179035e-14	0.00465908512371084	1.89048978276206e-09	0.040806720151866
"HKB0230_3006_T"	1.30123516211162e-14	0.0883287587087706	0.0455358762313765	0.104160097093473	0.302319026103741
"HKB0232_3000_T"	1.26617618011114e-14	1.26617618011114e-14	0.0171050380126299	0.0926945984181904	0.0948755276750761
"HKB0233_3006_T"	7.6196063742364e-15	7.6196063742364e-15	7.6196063742364e-15	0.102996648065701	0.0969491986824774
"HKB0540_3000_T"	1.25610075068228e-14	9.01589476807797e-14	1.25610075068228e-14	0.0561985684038287	0.167580006672109
"HKB0552_3000_T"	0.0172724526896089	0.037065263879102	0.115764298946205	0.124579426348487	0.0471047515200916
"HKB0558_3000_T"	1.79233637211831e-14	0.0119673181875092	0.0261749970078946	0.0123516365139758	0.173778980819797
"HKB0564_3000_T"	0.0404663874784212	1.65057937756437e-14	0.0902124291741644	0.193415546848002	0.0993886907356732
"HKB0573_3000_T"	0.272783170569454	0.000504687559884946	0.167550891611105	0.0598624783056148	0.110341992974382
"HKB0576_3000_T"	0.063953219633439	1.24414095530328e-14	0.130590099459427	0.107812733640771	0.0206704999900761
"HKB0579_3000_T"	0.256449486563628	0.0128979015856189	0.168561026193454	0.0354499146687938	0.0941102970398223
"HKB0585_3000_T"	1.24831953818485e-14	0.0359056452149951	0.00625252701961288	1.24831953818485e-14	0.209528592356475
"HKB0599_3000_T"	0.0610872116609278	1.53512504822489e-14	1.53512504822489e-14	0.141464347426139	0.121498547447758
"HKB0605_3000_T"	0.0147162313974866	2.31246402003728e-14	0.000238335650624472	0.039813988667499	0.0275494043937834
"HKB0620_3000_T"	0.00142318735931482	1.25375756956564e-14	0.0214245939387046	0.205852579884467	0.00712023413255126
"HKB0626_3000_T"	9.62907848954923e-15	0.0416705243924606	9.62907848954923e-15	0.0830610391455685	0.0897496952280938
"HKB0629_3000_T"	1.10277781848178e-14	1.10277781848178e-14	1.10277781848178e-14	1.10277781848178e-14	0.185328201007477
"HKB0638_3000_T"	1.49851064157954e-14	1.49851064157954e-14	0.0544196343421603	0.148594379706369	0.133752969916141
"HKB0644_3000_T"	1.28803093803619e-14	0.00900365949906221	1.28803093803619e-14	0.0012941716982107	1.28803093803619e-14
"HKB0650_3000_T"	0.138519243738475	1.26457075482631e-14	1.26457075482631e-14	0.0494182017766524	0.00401530974597691
"HKB0653_3000_T"	0.016764610767302	1.82283816577915e-14	0.0117496913360028	0.0728486455776498	0.112334222707607
"HKB0656_3000_T"	2.12347870638223e-14	0.0553947652518663	0.0424452291645459	4.79537540875389e-11	0.0278054216731733
"HKB0659_3000_T"	0.380884071739465	8.2413054801367e-15	0.00663365799335067	0.101299513236107	0.0347729079356776
"HKB0665_3000_T"	1.47629115631389e-14	1.47629115631389e-14	0.223328740444487	0.0377560822797392	1.47629115631389e-14
"HKB0668_3000_T"	0.00206186231226155	1.31907449292674e-14	0.00590934687278518	1.36677601417103e-08	0.0579212771554597
"HKB0674_3000_T"	0.581827852768382	9.96197264711096e-15	0.143764096467171	0.0753713320387134	0.011301836327613
"HKB0677_3000_T"	8.95421058589468e-15	0.0824433732301135	8.95421058589468e-15	0.0404816149367037	0.0758610194344061
"HKB0683_3000_T"	0.172038098034366	0.113830916505284	2.02880446790866e-14	0.0544737808827674	0.0271001924674347
"HKB0692_3000_T"	1.11250645234895e-14	1.11250645234895e-14	0.0299696208210077	0.190034980144225	0.0251915322220595
"HKB0698_3000_T"	0.0167309363296236	1.61295638649008e-14	0.0400660220119866	0.0482172685169339	0.114213122307583
"HKB0701_3000_T"	1.57656828224365e-14	1.57656828224365e-14	0.228946953147516	0.00294051531126709	0.00862829805769065
"HKB0704_3000_T"	0.0299692919410942	1.29241495861595e-14	1.29241495861595e-14	0.0272931408420544	0.112140072130318
"HKB0710_3000_T"	0.405612320147189	8.53553305993433e-15	8.53553305993433e-15	0.0804984056760481	0.0775584327903836
"HKB0713_3000_T"	1.66365045222856e-14	1.66365045222856e-14	1.66365045222856e-14	1.66365045222856e-14	0.114852229825623
"HKB0718_3000_T"	0.289480133607526	1.48335967230821e-14	0.0111360037226607	0.0411057221814813	0.0970773035347761
"HKB0719_3002_T"	0.0308460589442081	0.180949404391813	0.0688678362983318	0.147679723284664	0.12859258592392
"HKB0721_3000_T"	0.020072935229818	1.31663490762873e-14	0.0197460793039712	1.31663490762873e-14	0.173224843621
"HKB0722_3002_T"	0.0891649867524899	1.55639143844949e-14	1.55639143844949e-14	0.00831242625177483	0.0397900933604406
"HKB0726_3000_T"	0.0141827380475936	1.62225699495449e-14	1.62225699495449e-14	0.014680865342056	0.129649739337447
"HKB0734_3000_T"	1.56886503566111e-14	0.0205529708064776	0.0383086868914564	4.32817260986569e-10	0.212336693471318
"HKB0736_3000_T"	0.532457835549788	8.68608716998914e-15	8.68608716998914e-15	0.0738576027370925	0.100541308507364
"HKB0737_3000_T"	0.177407324025805	0.156499813233447	0.179612634663937	0.00786393643511763	0.101974384038119
"HKB0744_3000_T"	1.70459229348096e-14	1.70459229348096e-14	0.018079013639396	0.0260973956265655	0.071261206606529
"HKB0748_3000_T"	0.0841421454085913	1.3299154457182e-14	1.3299154457182e-14	0.0803415053655296	0.184865962722041
"HKB0750_3000_T"	8.60320948871759e-15	8.9925949128427e-15	8.60320948871759e-15	0.0276246993885863	0.261453287081498
"HKB0751_3000_T"	0.619014577247426	0.0114285556752494	0.0178516203543876	0.0863354250584916	0.0251752097014025
"HKB0752_3000_T"	0.458060961039752	8.78821504552754e-15	8.78821504552754e-15	0.192569861008575	0.0312052502460369
"HKB0004_3000_N"	0.175263623850788	0.0692817127208169	0.14968193288844	0.190553463446712	0.133239247649293
"HKB0005_3000_N"	0.0300421249486491	0.164680153550767	0.0308926166392461	0.162134950793904	0.136576852952292
"HKB0006_3000_N"	0.0700165259082679	0.064240189878138	0.158338743973747	0.214087211317315	0.175538931213295
"HKB0019_3000_N"	0.00647138345192972	0.164677905925457	0.236194443302822	0.0841923056310069	0.123744265373208
"HKB0023_3000_N"	0.13483832363735	0.144009058262465	0.337157962320275	0.129920980369278	0.0857519482550945
"HKB0033_3000_N"	0.066127485060026	0.176001080738099	0.329667442003097	0.138760030401645	0.074484926941893
"HKB0035_3000_N"	0.0469388859293309	0.0268838919351524	0.131077362580309	0.194905375285398	0.223100302560185
"HKB0036_3000_N"	0.0149744304590136	0.0180517559321368	0.212914585489228	0.154748645514366	0.0846699217913365
"HKB0038_3000_N"	0.142576435436614	0.176698230938836	0.0668178783885055	0.135217343057683	0.107328847605667
"HKB0040_3000_N"	0.081452818643594	0.127886310570308	0.202942149287503	0.104586520971912	0.183346497532779
"HKB0044_3000_N"	0.034769893566802	0.0824630915556574	0.0873285257370787	0.175413214493968	0.127686798273165
"HKB0049_3000_N"	0.0681206549211452	0.273433637870041	0.445915876223883	0.0892763890405592	0.0541168822819144
"HKB0050_3000_N"	0.121163691089609	0.132663633010057	0.285187236090092	0.102301295670134	0.223282787431085
"HKB0052_3004_N"	0.0279744736869991	0.24978344554817	0.365412476219976	0.0438446396769627	0.174770005324387
"HKB0064_3000_N"	1.21373701044315e-14	0.319511790291073	0.27260828188569	1.21373701044315e-14	0.0220083247862026
"HKB0067_3000_N"	0.0546000185030709	0.142134317985835	0.512101680825204	0.125984810131318	0.0345312621645909
"HKB0074_3003_N"	0.0257887087451834	0.171022156399847	0.167914851132558	0.0717142630002932	0.0736858002682719
"HKB0079_3000_N"	0.00103388843790881	0.0524815211915475	0.122624083887773	0.171719399454317	0.348216924693535
"HKB0094_3000_N"	0.0680099899228333	0.228998542053388	0.20573159866018	0.082991325319022	0.119005443421419
"HKB0096_3000_N"	0.0570853698542972	0.238281546249588	0.471211916355687	0.108121042340803	0.0187737839200341
"HKB0097_3004_N"	0.131377253065136	0.33118279663568	0.301575275811443	0.0422428035321342	0.0305194809870215
"HKB0098_3000_N"	0.155646232027904	0.427458326121815	0.212168645938849	0.128917998425312	0.00361698885119077
"HKB0102_3000_N"	0.191005659624958	0.193436167475884	0.246505056518306	0.0809753470123812	0.0710815283914488
"HKB0106_3000_N"	0.105395692187458	0.333705682437118	0.412809035312522	0.0321410808968158	0.00768809393250665
"HKB0109_3000_N"	0.0136415925722791	0.295616099753157	0.386430938293293	0.0898292457500191	0.0455817883244734
"HKB0115_3000_N"	0.115888902197282	0.27862597073102	0.316158256103654	0.082194404677357	0.0730965103612116
"HKB0120_3002_N"	0.0916600931592976	0.0879778599278323	0.147196086712578	0.142050027802116	0.166322235036241
"HKB0121_3000_N"	0.0845382715020503	0.289876783622424	0.39840479854422	0.11434245026316	9.67970064870493e-15
"HKB0122_3002_N"	0.0176616910889908	0.131963599060452	0.292152888753659	0.125127667775754	0.120889164421438
"HKB0123_3000_N"	0.17905159880641	0.395706852928107	0.174692972645712	0.125937925916462	0.0134836853924933
"HKB0124_3000_N"	0.0751724193993491	0.448147408861337	0.163418615980349	0.0902636510158872	9.50073222138762e-15
"HKB0127_3000_N"	0.00755754944959472	0.00590665120076797	0.0867878739128033	0.162746762815466	0.16841578337427
"HKB0129_3002_N"	0.128950335722575	0.190562939853684	0.316342905836987	0.104612130086142	0.0346152402638088
"HKB0132_3000_N"	1.24647806806799e-05	0.362778277805195	0.308703208760714	0.107713464458558	0.0330572547610499
"HKB0133_3000_N"	0.0409454389141287	0.224768332356286	0.217421470469704	0.126160826039475	0.0742856479479138
"HKB0134_3000_N"	1.51497783208936e-14	0.00308158344897223	1.51497783208936e-14	0.0766787759444305	0.0510576144369198
"HKB0137_3000_N"	0.0256645225380139	0.284334212875461	0.188425897521912	0.194653046126514	0.0751660394578358
"HKB0141_3000_N"	1.30112378003126e-14	1.30112378003126e-14	0.0379619517788226	0.0381898076336516	0.28365560182143
"HKB0143_3000_N"	0.0610634975044553	0.165162791291219	0.366553041417285	0.166291206969717	0.0836024381511573
"HKB0149_3000_N"	1.34368263051075e-14	0.106933430071232	0.230370232168394	0.105377835717499	0.262495694027596
"HKB0150_3000_N"	0.00113672638928428	0.196562151839221	0.252538320907044	0.0943482979269483	0.129883524734123
"HKB0155_3003_N"	0.130255244290862	0.357257371786559	0.22792967105428	0.0462742378920463	0.0146526772380906
"HKB0157_3000_N"	0.115332919861485	0.198876510066191	0.555163709453515	0.0384282045944945	0.0240414278535929
"HKB0158_3000_N"	0.151759165837323	0.323394223783682	0.232190319513445	0.0476522071072345	0.0358175172552282
"HKB0159_3000_N"	0.0389107144719093	0.1230167419307	0.273109579661918	0.0790392037968678	0.13361469991547
"HKB0160_3001_N"	0.0251124369529832	0.370124355016738	0.465035805511465	0.0189339725158236	0.00790342485353872
"HKB0161_3000_N"	0.0756918855329982	0.378883083717567	0.280497956790359	1.10469454563311e-14	1.10469454563311e-14
"HKB0162_3000_N"	0.0169084558975791	0.148312709856049	0.549298034704824	0.0471054612113229	0.0853610484129586
"HKB0164_3000_N"	8.20667009603722e-15	0.076012824896994	0.102291220740679	0.0324919654269504	0.188054368567618
"HKB0167_3000_N"	0.145800628113505	0.213138340305791	0.276582991002885	0.0821048513599611	0.0074865300685775
"HKB0168_3000_N"	0.0346602253469335	0.0650201889067605	0.0323760012179041	0.16876375450169	0.137747363656085
"HKB0179_3000_N"	0.0386896692082259	0.273455866499698	0.321228626893916	0.0671846349326055	0.121544113193855
"HKB0186_3002_N"	0.0463927184194079	0.205248349767037	0.100071132099797	0.0904320969355213	0.0761370042660684
"HKB0194_3000_N"	0.0674027371164313	0.0282621986918008	0.196679502276881	0.0584720760573077	0.195157438344478
"HKB0196_3000_N"	0.0766981270842197	0.208163308233153	0.251899456426885	0.067904680393962	0.0667702833785502
"HKB0198_3000_N"	0.0665997140356424	0.11088101148284	0.371652024441187	0.092732964540131	0.134071123256759
"HKB0207_3000_N"	0.116545053405852	0.249931664501214	0.435926487459629	0.0199559146351138	0.0185918422257809
"HKB0210_3000_N"	0.087084136880859	0.18270209326003	0.24246940696877	0.0866532439289523	0.203525453815226
"HKB0211_3000_N"	0.112730561196521	0.291686029460314	0.439658193161819	0.0831648147854919	0.0120099689681611
"HKB0214_3000_N"	0.0431325903637399	0.0182860113079497	0.358935347996598	0.0901659413851708	0.195639055685126
"HKB0216_3000_N"	0.254488188875465	0.017005167981984	0.110299056896055	5.32492885432608e-13	0.158201509730495
"HKB0219_3000_N"	0.246407557207689	0.289624890090964	0.235191713423471	0.0470324353445595	0.0333919047319454
"HKB0220_3003_N"	0.225249206783558	0.152478629788833	0.53767855307892	0.037518103185429	0.00655980999859285
"HKB0221_3000_N"	0.0919516461629922	0.192063432002939	0.305727730827746	0.107809862053061	0.0823814288530188
"HKB0222_3000_N"	0.0904062312209927	0.130854310775038	0.427681105367027	0.0862767428129176	0.127255066563349
"HKB0225_3000_N"	0.0362067409274999	0.132496646943744	0.0293466846118355	0.141355393783032	0.135956223923275
"HKB0226_3000_N"	0.123995383257593	0.194803442396659	0.51636126285615	0.0223183165996326	0.015106694997077
"HKB0227_3000_N"	0.00738156381514578	0.445208725371239	0.208546442468482	0.177842730573345	0.0329662929370131
"HKB0233_3000_N"	0.00234142675108094	0.0173297199020412	0.0096568590078063	0.0240408805875328	0.120553414461023
"HKB0538_3000_N"	0.0136516954337049	0.0822529027154879	0.0534946345702087	0.104098886703512	0.0228320343812184
"HKB0562_3000_N"	0.00302723016496845	0.110892661281386	0.02320236405793	0.109653666114658	0.163815541966715
"HKB0571_3000_N"	0.0935205237989344	0.326063825569916	0.375473575741864	0.0938530173066914	0.06073628073201
"HKB0574_3000_N"	0.089641587127922	0.340453232876524	0.424708923502072	0.0714989513062393	0.00264076187671453
"HKB0577_3000_N"	0.102766962756672	0.241108361590851	0.393388316317664	0.114512263762562	0.02798800159948
"HKB0583_3000_N"	1.22613271010803e-14	0.34442610414255	0.400944186377528	0.033094094510747	0.00528123370817542
"HKB0597_3000_N"	0.145694767832106	0.351461462335769	0.233521452276448	0.0420851762061497	0.0627485226306334
"HKB0618_3000_N"	0.11702587758413	0.252332526621014	0.378703620404063	0.0843445970085647	0.0127027256201001
"HKB0636_3000_N"	0.152283291259896	0.0841848675585392	0.074329297974668	0.0462393686757864	0.0480709172891339
"HKB0648_3000_N"	0.0286846834480518	0.0949244067149644	0.339253355662974	0.0584191792284377	0.126592165863454
"HKB0651_3000_N"	0.106988397743377	0.0332391518332364	0.0877282975014741	0.0832680383708092	0.160767126984597
"HKB0657_3000_N"	0.0508173464992193	0.215203158034363	0.126704739733685	0.055291833472622	0.0843173571474774
"HKB0663_3000_N"	0.00239074626748124	0.231506897382901	0.389221147788797	0.0114273604155977	0.0470391014032877
"HKB0666_3000_N"	0.00974971294114569	0.424191438123019	0.184918325132339	0.00373127119675595	0.0493743733139856
"HKB0672_3000_N"	0.116909512661709	0.271592777160502	0.384200747224371	0.00954920996945761	0.0247760961973361
"HKB0710_3001_N"	0.122503450550081	0.176601639888755	0.240196861101368	0.150533848237415	0.0511590531769291
"HKB0718_3001_N"	0.0825654512588024	0.178142895032932	0.225699399560547	0.0646445740563316	0.0749810575495444
"HKB0719_3001_N"	0.0969107620113163	0.417593774770162	0.274168831319824	9.77019442451681e-15	0.0204832151961691
"HKB0722_3001_N"	0.0193818508459759	0.165795214306382	0.111615574345766	0.207291255106188	0.206418435642416
"HKB0744_3001_N"	0.095026387956795	0.372628371072572	0.223748650773717	0.0352782772872698	1.08960495949883e-14
"HKB0748_3001_N"	0.0885510324459914	0.165750905376321	0.277513272121202	0.0864662586401706	0.118503807351946
"HKB0751_3001_N"	0.011203071899321	0.182491016915141	0.293686650095181	0.0916993637420316	0.0658738268941113
"HKB0752_3001_N"	0.018465588942665	0.0718929205713222	0.133459709333332	0.0836044085084418	0.176106972148296
