"ID"	"S01"	"S02"	"S03"	"S04"	"S05"	"S06"
"HKB0004_3006_T"	0.0656326705415051	0.0960829992978628	0.0741748752354173	1.25983154235209e-14	1.28085532928561e-13	0.122782985448807
"HKB0005_3001_T"	0.0196586882875072	0.0957683984112899	0.0430674392646098	1.10647732257831e-14	0.0782490722402196	0.187115606697848
"HKB0006_3006_T"	1.165175600451e-14	0.0602350870326826	0.431687087480521	1.165175600451e-14	0.00754890451602301	1.73792128970471e-06
"HKB0007_3005_T"	1.35897941164384e-14	0.090280392222976	0.129060787486804	0.104876079319789	0.29297678129923	0.0658230595920846
"HKB0008_3006_T"	1.09495330067549e-14	0.0930391503502456	0.169131475108007	0.134643707706363	0.356276256254373	0.19213851428402
"HKB0016_3006_T"	0.0106313473789025	0.137444618829096	0.225273628242859	0.118191864857127	0.197977913459281	0.00903550553790929
"HKB0019_3006_T"	0.0306549959304828	0.0808735213308667	0.00713597998148159	1.18388516596742e-14	0.0985829140118797	0.206691347808415
"HKB0023_3006_T"	1.18023251714417e-14	0.0981898372499101	0.138244208373538	0.0103043967558514	0.485265947928433	0.0502656568070799
"HKB0031_3001_T"	1.21351543240489e-14	0.00123597143616096	0.212633740302118	0.105089724054333	0.139271506473307	0.137383124005397
"HKB0033_3006_T"	0.0226525460781937	0.174085622826803	0.235331775498385	0.00448498415184482	0.273525710821101	0.142096784258876
"HKB0035_3006_T"	1.33332315360893e-14	0.0934226784046197	0.261375421088076	0.00738244670618642	0.0853197451194977	1.33332315360893e-14
"HKB0036_3006_T"	0.0429423414962197	0.0731073347051289	1.6402109864809e-05	1.01694784136059e-14	0.0311358709009488	0.0555552510721555
"HKB0038_3006_T"	1.30369554545666e-14	0.033219527123544	0.0668667876267556	1.30369554545666e-14	0.438089098810935	0.0462580101766762
"HKB0040_3002_T"	8.95668814817179e-15	0.109589616640538	8.95668814817179e-15	0.578999917441862	8.95668814817179e-15	0.0594375731502644
"HKB0044_3006_T"	1.00228840133454e-14	0.116632140331628	0.0387818635985021	0.0607057066821511	0.0126857811793723	0.119979331746206
"HKB0049_3006_T"	0.0603992495941998	0.0442564833054861	0.141087270298672	0.176058888397354	0.405152495698851	0.147895263387534
"HKB0050_3005_T"	1.10564628006887e-14	0.154948897903417	0.0447326912485062	0.160071460726756	0.0611625768231817	0.024137136466028
"HKB0052_3000_T"	0.160975896628312	0.122645049926767	0.125187050398682	0.226557964556354	0.276588799507566	0.00845698236780529
"HKB0054_3000_T"	0.0817261586524638	0.122259748662204	0.128195994162083	0.38686890066108	0.0769583058346117	0.097318436673149
"HKB0056_3002_T"	0.0138006203494418	0.197912462104406	0.00614246860377231	0.00976639493812665	1.05030083773538e-14	0.0861734443400465
"HKB0064_3004_T"	0.0557535275006946	0.258734209573904	0.111842487300886	0.115918943617751	0.126231932074385	0.222029205798702
"HKB0065_3006_T"	0.0418470358617931	0.0817917159274952	0.0166986804665781	1.33594217333605e-14	0.0141207967041555	0.231267930244024
"HKB0067_3006_T"	1.32499021305576e-14	0.106461274134928	0.180284878110022	0.184362487902617	0.231842599872288	0.045771887672026
"HKB0069_3000_T"	1.36065344786139e-14	0.0731217615540107	1.36065344786139e-14	0.214907068578415	0.139158538608701	0.116558271859714
"HKB0070_3002_T"	1.39245423677061e-14	0.0491161352584431	0.298954515309732	0.0182176007086597	0.0290675442194838	0.265586876905962
"HKB0074_3000_T"	0.228753477151686	0.157114707152341	0.0438799756922387	0.374018391499284	0.137252679585618	0.0512594183279843
"HKB0078_3000_T"	1.1132690512447e-14	0.0288829612174658	0.353322521366787	0.0417580827035527	0.0542948775383393	0.0488031597337201
"HKB0079_3006_T"	1.19463920971547e-14	0.0908793718347048	1.19463920971547e-14	0.1565225117578	0.123956491260656	0.124577100238622
"HKB0080_3006_T"	1.18960169631653e-14	0.0811926229089309	0.234445102850735	1.18960169631653e-14	0.144708812405836	0.00231842229825062
"HKB0082_3006_T"	1.36792415830506e-14	3.71807231382948e-07	0.0314222298410137	0.134542374649224	0.0422063516485545	0.203282957298978
"HKB0084_3000_T"	0.0362609293324669	0.0367153665183385	1.5570354783792e-14	0.0220362158463371	0.125812147367973	0.100670433294723
"HKB0086_3006_T"	1.45304553157986e-14	0.0252720267252021	0.480799360396762	0.0242810880593027	0.177256664875773	0.0978451805492517
"HKB0088_3000_T"	1.12606558027973e-14	0.0526580321303751	0.264583078025413	0.0890060643421089	0.231577927127772	0.164975426236035
"HKB0089_3001_T"	8.59344856714936e-06	0.213209315272328	1.19083318442156e-14	0.138074902636498	0.196793505683846	1.19083318442156e-14
"HKB0091_3001_T"	0.0380216775239548	0.0276517694120506	0.0234125156233144	0.120239756615952	2.00396832744104e-06	0.123633555306106
"HKB0092_3000_T"	0.00101205386310219	0.300497126102103	0.125771428317568	1.09614970433561e-14	0.101543695954981	1.09614970433561e-14
"HKB0094_3006_T"	0.0210819771768496	0.122149116976807	0.198985497450793	0.155859227463753	1.53030320765204e-14	0.012422990066886
"HKB0096_3001_T"	0.00151410649735294	0.0544913428240485	0.224907977814555	1.13739621253754e-14	1.13739621253754e-14	0.00320262268821936
"HKB0097_3000_T"	0.0133941776201997	0.0965312104375529	0.363362031257913	0.00428439810858867	0.0262993417599085	1.72808553778886e-14
"HKB0098_3005_T"	1.38338080840575e-05	0.0486938834558348	0.138496384581813	0.180085342162324	0.408248663128517	0.0507501434643781
"HKB0100_3006_T"	0.0148719705197474	0.130581058696479	0.199470976717779	0.0105710237550854	0.0828898552985101	0.0166126934418428
"HKB0101_3000_T"	1.18765175468435e-14	0.0892766828554243	0.133034752968057	0.188536960321597	0.353453706575576	1.18765175468435e-14
"HKB0102_3006_T"	0.023603045787656	0.0240370269594385	0.2916182087566	0.082792426019528	0.286448214283021	1.61185775545996e-09
"HKB0104_3006_T"	9.69194366578262e-15	0.0564915289084111	0.230078936163211	0.00532647908301049	9.69194366578262e-15	9.69194366578262e-15
"HKB0106_3006_T"	0.0066265837220659	0.118621292871936	0.0731457413673065	1.22959414139216e-14	0.0447235369345347	1.22959414139216e-14
"HKB0108_3000_T"	1.05090915177386e-14	0.0954692311234593	0.199004333630238	1.05090915177386e-14	1.05090915177386e-14	1.05090915177386e-14
"HKB0109_3006_T"	1.19326228415279e-14	0.0686314579681296	0.280416911483205	0.0216521495822645	0.0105853053435963	1.19326228415279e-14
"HKB0115_3006_T"	0.00315808533403213	0.139357372209642	0.176190824679861	0.0515808723740363	0.123843651641807	9.41127431403434e-05
"HKB0120_3000_T"	0.234124887667934	0.0214930700633027	0.0247233204139823	0.290211501986635	0.262179327385206	0.167267892482918
"HKB0121_3006_T"	0.00288631778234	0.0551894884889444	0.176818011846395	0.0140919642435774	0.0266789475294342	0.0689940446484419
"HKB0123_3006_T"	0.000582210581157789	0.0568828849552108	0.0907389307407806	1.4602431745503e-14	0.145998270487664	0.0665610137569451
"HKB0124_3003_T"	0.0867238728676727	0.260235593878019	0.201131969705585	0.0298313218780937	0.0711863132297141	0.0544023741545955
"HKB0125_3006_T"	1.22496084049549e-14	0.112710872273544	0.139939788362235	1.22496084049549e-14	1.22496084049549e-14	0.0996798794566257
"HKB0127_3006_T"	1.4807866356568e-14	0.270204862072585	0.119055613017255	0.182970209550505	0.0711310543750603	0.0134386392264136
"HKB0129_3000_T"	0.293377326047315	0.186802907348868	0.125047507116457	0.20959481561763	0.0865219499166804	1.05688150627626e-14
"HKB0132_3006_T"	1.68966511825333e-14	0.122615612458642	0.0390703600183092	0.059962843295665	1.68966511825333e-14	1.68966511825333e-14
"HKB0134_3006_T"	0.0327912321135529	0.0254145796145956	0.010748038408241	0.0476014080170161	0.0485566900223105	0.228776040132734
"HKB0137_3002_T"	1.25130098577903e-14	0.192630357066178	0.151711925361514	0.0207114942852493	0.0401954731948729	0.0765093381603521
"HKB0141_3006_T"	0.00269444970382778	0.0782853607871694	0.423444065823349	0.0420963667965316	0.22175767162847	1.65615998052782e-14
"HKB0143_3006_T"	0.0104620316295598	0.0396907171857732	0.17387629807839	0.0856361204718447	0.218981825235386	0.270476978497436
"HKB0147_3000_T"	1.07801605630121e-14	0.137625046379521	0.264372329345242	1.07801605630121e-14	0.0451092590905281	1.07801605630121e-14
"HKB0150_3006_T"	9.3153463919398e-15	0.0614138874827111	0.166645151440733	9.3153463919398e-15	0.0123947890984534	9.3153463919398e-15
"HKB0155_3000_T"	0.0458683665229873	0.098926328309834	0.12447339368068	0.12864607046174	0.112167242400822	0.107017564695298
"HKB0157_3006_T"	0.0405021155753683	0.00798645192682216	1.33716940672171e-14	0.000171526029966164	0.0529448116687078	0.0184241719563835
"HKB0158_3006_T"	0.0302284888527802	0.137368798802341	0.274043933247237	0.1545192046686	0.14804291868563	0.136647648294348
"HKB0159_3006_T"	1.1077989125125e-14	0.142468110463529	0.257751313598189	0.122189890775663	0.0162585643214584	0.0136580944464313
"HKB0160_3000_T"	0.53646048932686	0.00626339212391532	0.0138163019807281	0.103437740190335	0.00846745906950778	0.100602918687386
"HKB0161_3001_T"	0.201479231941178	0.149983272437761	0.148890969591353	0.221214413002289	0.173683221617814	0.104748891409586
"HKB0162_3006_T"	0.00320644198705678	0.1401142806341	1.00272925448242e-14	0.117861134232224	0.224767454819053	0.006053883265277
"HKB0164_3006_T"	0.051708413584507	0.0705743528714409	0.243307734283457	0.127047678534408	0.334981572813814	0.059620274073344
"HKB0167_3006_T"	1.00770596208203e-14	0.0120674379778575	0.0282992057126241	0.311594167942732	0.0286502239410108	0.23661369548374
"HKB0168_3006_T"	0.00681782236012586	0.132876245635942	0.138284439345225	1.28409392813332e-14	0.426781926049158	1.28409392813332e-14
"HKB0179_3006_T"	0.0281392742493005	0.0313997485294582	0.34151931203737	0.0391846319230481	0.291397273966095	1.99343634528538e-10
"HKB0182_3006_T"	0.110638167861495	0.159923090865886	1.41322749074871e-14	1.41322749074871e-14	0.249567776075291	0.0635068523220808
"HKB0186_3000_T"	0.215223187684536	0.0286903725359044	9.78294217170699e-09	0.289237731184334	0.134575527781833	0.239253917379152
"HKB0191_3001_T"	1.34869394564356e-14	0.0453032323008722	0.334147270220617	0.0631544742652875	0.328631528453794	0.015964554592811
"HKB0194_3006_T"	1.30710117087596e-14	0.0743634832722153	0.0311830924954964	0.167787403529934	0.0789080117781323	0.204668847633193
"HKB0196_3006_T"	1.38179977436562e-14	0.0189321474865854	0.366160915836973	1.38179977436562e-14	0.0576467384841037	0.0109335660038636
"HKB0207_3001_T"	0.204203209039062	0.0304812283742343	0.0642259953533882	0.259803641210554	0.418034853858683	0.00185232109286684
"HKB0208_3006_T"	1.18705418266343e-14	0.0211632056761917	0.36523904844371	0.056628943676351	0.493623811790726	0.00469785578387139
"HKB0209_3004_T"	1.11894966888598e-14	0.11259871738403	0.185011964507604	1.01275569234701e-08	0.450745127794271	1.51307692255063e-14
"HKB0210_3006_T"	0.0285617610688119	0.0272226688034381	0.256465209493203	7.30078503218631e-15	0.0387780636525217	0.0383271966898943
"HKB0211_3002_T"	0.03773375457143	0.187638711839595	0.1149505369966	7.48189535282524e-15	0.0325173499212943	0.0189812190516465
"HKB0214_3006_T"	1.30651414687793e-14	0.0781503111458016	0.12794484125575	0.125835193520767	0.175220930120042	0.117628213269749
"HKB0217_3005_T"	1.06163125626725e-14	0.107659351989502	0.310680962728593	1.06163125626725e-14	0.0332408205547876	0.010082734176191
"HKB0219_3001_T"	1.42900532254269e-14	0.195934852780161	0.15025728330185	1.42900532254269e-14	0.0983424003607825	0.0698184279875188
"HKB0220_3000_T"	0.00722246123493988	0.15415910413012	0.0814284113345727	0.308572528388698	0.0654427562140086	0.0990856157121178
"HKB0221_3001_T"	0.00176721574223729	0.0333609566654032	0.205613191462312	0.0394500906249234	0.290421374498172	0.0833129168012161
"HKB0222_3006_T"	1.26888391755898e-14	0.0415082138716617	0.370705874501384	0.0328708138170168	0.105162245151899	0.114650641689754
"HKB0225_3001_T"	1.31927282223933e-14	0.0276187596140377	0.240693236576949	1.31927282223933e-14	0.0896792024169684	0.00763990157449329
"HKB0226_3001_T"	1.23397032071785e-14	0.0703047715204135	0.386861062132525	0.0332406669606472	0.212754475406495	0.00341860117424327
"HKB0227_3006_T"	1.1691367184441e-14	0.0480014884134971	0.341995322185306	0.0242529933575402	0.00403587618187891	0.140476624423486
"HKB0228_3002_T"	1.19716644511907e-14	0.0865735310969698	0.258616798444684	0.00465723651192356	0.0309189422522168	0.0646294082828509
"HKB0230_3006_T"	0.000171714583170502	0.126672891295447	0.290398463036479	0.00904308243158162	0.119180858200584	0.0806693945700068
"HKB0232_3000_T"	1.17179767166727e-14	0.00754276156492556	0.269480207714009	1.17179767166727e-14	0.129004000267764	0.00684194810905402
"HKB0233_3006_T"	7.92238472677956e-15	7.92238472677956e-15	0.247349334272546	7.92238472677956e-15	7.92238472677956e-15	0.044581444606399
"HKB0540_3000_T"	1.30679284801885e-14	0.0690340868316107	0.302966178504419	0.00565583847044375	0.0308219681539023	0.0187270161087352
"HKB0552_3000_T"	0.18946448762745	0.201080148240998	0.242525773590844	0.0883992775958184	0.159756575588871	1.35490071197191e-14
"HKB0558_3000_T"	0.00031972853845788	0.254583449574781	0.177278486892751	0.0190880820611562	0.192305103157557	0.0418272827822763
"HKB0564_3000_T"	0.0258019290575765	0.148652638891113	0.260804564052216	0.0603895526963013	0.340584036620306	0.00604222919793806
"HKB0573_3000_T"	0.0934147597101919	0.123745451340709	0.0364695037667817	0.343881211517628	0.254844693540048	0.119290610676888
"HKB0576_3000_T"	1.12814892922777e-14	0.0219329331924176	0.120844787833409	1.12814892922777e-14	0.391562514613559	0.240961564813577
"HKB0579_3000_T"	0.0272872598172093	0.28138060899355	0.0158073422078942	0.18454918192054	0.322222742212955	0.0634813226534169
"HKB0585_3000_T"	9.03277356533202e-15	0.111474299790913	0.440574714640061	3.28688453618667e-08	0.0443080786090271	0.019804763239259
"HKB0599_3000_T"	1.18696023373947e-14	0.0898095957806617	0.210444333222002	1.18696023373947e-14	0.146326221693588	0.0555362014022288
"HKB0605_3000_T"	1.43367609875252e-14	0.215466210390751	0.0856329312473669	0.0777513612923094	0.306850111355214	1.43367609875252e-14
"HKB0620_3000_T"	0.0389598348504235	0.125104212184697	0.21205293744132	0.0701848526713872	0.087234480005615	0.130922141675785
"HKB0626_3000_T"	0.00538728862723753	0.0809551807824533	0.0561201629967563	9.13432469399991e-15	9.13432469399991e-15	0.0786901190120697
"HKB0629_3000_T"	9.18157327582982e-15	0.173909154840351	0.292471342405565	0.0274542000895952	0.0363109961880795	0.022846000571533
"HKB0638_3000_T"	0.00115833511757972	0.104728606085963	0.182651274772456	1.30159453081526e-14	0.21407182152062	0.00798426823606812
"HKB0644_3000_T"	0.0131318240108168	0.0366250242746396	0.0624430233943083	1.02092777061188e-14	0.0162268379880781	0.0371784434499125
"HKB0650_3000_T"	9.85251835718337e-15	0.0896880030524489	0.0361169975898811	0.116630225997873	0.00655009674910016	0.00766653539810638
"HKB0653_3000_T"	0.00844729946469336	0.166660726783066	0.183461940066063	0.0108622252225448	0.0256651156546667	1.60029547744244e-14
"HKB0656_3000_T"	0.0161571829648522	0.0902573750487426	0.224579589942398	0.0390690327378413	0.027316425746327	0.142742907627199
"HKB0659_3000_T"	0.00975481011108805	0.0519949961147092	1.0088535280692e-14	0.236775123587768	0.00939982625354642	0.216496326863405
"HKB0665_3000_T"	1.33536032624051e-14	0.0921667781874786	0.192810200041954	1.33536032624051e-14	0.354908849601797	0.00928822746342495
"HKB0668_3000_T"	1.0130796741524e-14	0.172723407961881	0.0965417780721875	0.00642946003441708	0.146520360236833	0.0537114502015147
"HKB0674_3000_T"	9.59978358504061e-15	0.0454094108968738	9.59978358504061e-15	0.40726026821639	0.0876595556966842	0.0803003609633071
"HKB0677_3000_T"	0.00350248777039145	0.180697052168838	0.0291522597433299	1.31874332754581e-14	1.31874332754581e-14	0.145738103344289
"HKB0683_3000_T"	0.00212902049612969	0.253061140780319	0.0682097396520919	0.206805619929176	0.0745020754697787	1.7619842653894e-14
"HKB0692_3000_T"	1.13842072775078e-14	0.203529609755828	0.0386574896683964	1.13842072775078e-14	0.142586491555675	1.13842072775078e-14
"HKB0698_3000_T"	1.17258865607584e-14	0.178766086615768	0.194695345880348	1.17258865607584e-14	0.24857522024355	0.0481949615454162
"HKB0701_3000_T"	0.00417879759842098	0.0283294875459427	0.107247691886789	1.28933753936665e-14	0.602865651659156	0.0775581166121558
"HKB0704_3000_T"	1.08657228561088e-14	0.0196869974886302	0.137988719734761	1.08657228561088e-14	0.0326889940648081	0.0304627434151928
"HKB0710_3000_T"	0.00164273879098111	0.0648071925021391	9.81135269210822e-15	0.1210978696656	0.0331704640911129	0.196477310461945
"HKB0713_3000_T"	1.16478736718463e-14	0.0774433778275186	0.329269331849766	2.1877727592567e-12	0.116322364104765	0.0116968701309544
"HKB0718_3000_T"	1.45524817806191e-14	0.112327598166422	0.0584295093008979	0.108583411783225	0.152629325756398	0.133475306807439
"HKB0719_3002_T"	0.182252660776411	0.159551454001855	0.066785464454524	0.155592022319137	0.231235534972852	0.0905398983970373
"HKB0721_3000_T"	0.00322073265078313	0.145331500332606	0.170771615273111	0.000754905811968517	1.08433390871771e-14	0.0674021144315807
"HKB0722_3002_T"	1.42857339572177e-14	0.123664242139439	0.100392616949591	0.0280602110198524	0.208696312515672	0.0199363081147445
"HKB0726_3000_T"	1.38807104075108e-14	0.0498373522901848	0.412184826282798	1.38807104075108e-14	0.0322378932031599	0.0309702316229382
"HKB0734_3000_T"	1.25257456052845e-14	0.10884613740872	0.205005516667415	1.25257456052845e-14	0.140085207540182	0.0123298646628538
"HKB0736_3000_T"	1.01595495620031e-14	0.0862048807966861	0.091786648181392	0.644398052840175	1.01595495620031e-14	1.01595495620031e-14
"HKB0737_3000_T"	0.0180885751422801	0.0436260483513523	0.156704182354215	0.0771414957421183	0.45879175668178	0.111709578193608
"HKB0744_3000_T"	1.3473539556666e-14	0.102347699182374	0.0103762172895766	1.3473539556666e-14	0.258272433945481	0.0165897541972448
"HKB0748_3000_T"	1.40936807267922e-14	0.0708216030091065	0.452117241313503	0.0148440396300701	0.0883578615440567	1.40936807267922e-14
"HKB0750_3000_T"	1.02873677009987e-14	0.0266589457211543	0.38154531077182	0.00808950856082238	0.0473635775326836	0.039186207245004
"HKB0751_3000_T"	0.021315853525851	0.143588328032801	0.136168449104766	0.350587479818335	0.179933259172751	0.0541299800229261
"HKB0752_3000_T"	1.01022288238469e-14	0.342110488174092	0.0130408683246784	0.148490706948499	0.0510889443503363	0.0454417145633276
"HKB0004_3000_N"	0.419569966857162	0.16580697964304	0.126956996880786	0.12292251266228	1.40199627429011e-14	0.0323289784425263
"HKB0005_3000_N"	0.304491559420202	0.221090691540319	0.164065016597963	0.118487909965003	0.128679125768557	1.23342392019303e-14
"HKB0006_3000_N"	0.446801978891664	0.0870161190671648	0.228391272897137	0.136553071383579	0.0589380467153549	0.0103289890517611
"HKB0019_3000_N"	0.51925134845034	0.0893738947458461	0.0173783232749924	0.0729642149904472	0.036052069649521	0.229005286944831
"HKB0023_3000_N"	0.408185832459424	0.0830197941964326	1.45989339729604e-06	0.130883314827252	0.100142141724526	0.132185092391574
"HKB0033_3000_N"	0.567368842486419	0.104100927881635	0.0668429315829607	0.108070731581899	0.108067431279684	0.0333565445797111
"HKB0035_3000_N"	0.331669131295435	0.194284094593816	0.105771386088038	0.0818896125474761	0.00628039270780911	0.10072892646708
"HKB0036_3000_N"	0.338059037389311	0.265565647455721	0.0455234983616537	0.135905683371805	0.0676853322052749	1.40983497724086e-14
"HKB0038_3000_N"	0.325739127608842	0.284725458866992	0.18062482869725	0.150554952597997	0.0539588880451913	0.000309762405456677
"HKB0040_3000_N"	0.419385648409073	0.185311781143383	0.124984593206739	0.172429462915772	0.0757043861293134	0.0043262657976374
"HKB0044_3000_N"	0.29116468669473	0.246504526754136	0.124239744830131	0.0779755313351092	0.0983538419138678	0.0169263821394604
"HKB0049_3000_N"	0.403464577139591	0.0117665697551671	7.34783496393186e-15	0.212896741794096	0.127591942560713	0.244280168750411
"HKB0050_3000_N"	0.474102076404993	0.17569069946729	0.107438484615303	0.0763050619413651	0.0927977949872128	0.0327461515921201
"HKB0052_3004_N"	0.546632611097668	0.104098056575038	8.54480984499172e-12	0.222000886266442	0.0771794006780308	0.0094013557382161
"HKB0064_3000_N"	0.484891617532242	0.0240450983348788	0.0559986834773948	1.60935210024717e-12	1.15255777929122e-14	0.0777499672911246
"HKB0067_3000_N"	0.490515787273628	0.00370840487930039	3.66827896072088e-13	0.306374175168616	0.0817124111857954	8.3340091265549e-05
"HKB0074_3003_N"	0.539165017292977	0.0840275099941806	5.81863529545597e-12	0.133945747199308	0.0745707643831245	0.136357501138924
"HKB0079_3000_N"	0.287192122255485	0.265374898501148	0.270397877838374	0.0352132752022641	0.141818038382103	1.07394618320013e-14
"HKB0094_3000_N"	0.613672864160858	0.13208794515392	0.0398277884701174	0.0921345410743842	0.0936048564264775	1.20186915974328e-14
"HKB0096_3000_N"	0.564982893925874	0.0434300911454993	0.0235790406016641	0.0706328568272193	8.1174411381957e-10	0.118249673930467
"HKB0097_3004_N"	0.452477831903151	0.0853496965081808	8.75020926599226e-15	0.144944271380563	0.0119786938283704	0.267859711070907
"HKB0098_3000_N"	0.539113917959115	0.0195973760341333	9.85948213337026e-15	0.192078152304141	0.0536491076337555	0.136143111099089
"HKB0102_3000_N"	0.575213856208449	0.128850908125241	0.0271180040653432	0.0958758148417896	0.0234716774769331	0.00832973859365281
"HKB0106_3000_N"	0.433116397418698	0.0829105431887754	2.82995998712945e-06	0.117957668317556	0.000109523831080195	0.267568842050826
"HKB0109_3000_N"	0.34488387730147	6.78891544421152e-15	6.78891544421152e-15	0.280842393843497	0.0708525354132807	0.100813986829015
"HKB0115_3000_N"	0.533504809133083	0.0792287081104038	2.51375080531477e-11	0.0979291685725374	0.124209710729872	0.164851591352347
"HKB0120_3002_N"	0.465636306659096	0.165718461550088	0.196576157595266	0.0397921929317431	0.0271036262598316	1.3690861649532e-14
"HKB0121_3000_N"	0.438181564453571	0.0505586782446888	8.77664075778633e-15	0.0355117021169633	0.0069158707802048	0.352977860338999
"HKB0122_3002_N"	0.535066517146415	0.0914655219387725	0.0230784610644532	0.0334256918692387	0.0115455258086577	0.188683934595884
"HKB0123_3000_N"	0.411953366838867	0.0307402895195228	8.53759402209373e-15	1.19865765957892e-08	8.53759402209373e-15	0.378396681220925
"HKB0124_3000_N"	0.487314714998267	0.0779131280196702	3.38382752482173e-14	0.0779602368488135	1.06087773533015e-14	0.175100068909386
"HKB0127_3000_N"	0.131149300438536	0.297128626505805	0.287134339341875	1.38255090624578e-14	0.0309450317527776	0.0181850693351759
"HKB0129_3002_N"	0.439405633047939	0.048237687270611	8.07393309386572e-15	0.113226374855227	0.0675374329208128	0.284783452469665
"HKB0132_3000_N"	0.455432539414502	0.0366187528557413	8.62227568173707e-15	0.126570669814604	0.0303805600313087	0.1977354491981
"HKB0133_3000_N"	0.540701066293076	0.141626560284313	0.0401100675008937	0.0876891412453528	0.0618045930066005	0.0678600488070107
"HKB0134_3000_N"	0.082083238397511	0.167126240758229	0.196838001857298	1.6141237284201e-14	1.6141237284201e-14	0.000391982693847338
"HKB0137_3000_N"	0.527624183707649	0.18432527708656	0.105408422104998	0.0383609761760667	0.0779855420627841	0.0224922020625986
"HKB0141_3000_N"	0.174329831282732	0.235669324468538	0.300381215232738	1.36429277053779e-14	0.0798963574419618	1.36429277053779e-14
"HKB0143_3000_N"	0.615107420930478	0.144817284209523	0.111061138921963	0.0721883997574266	0.0567609924026113	1.13302446369842e-14
"HKB0149_3000_N"	0.450827365211138	0.121138894399164	0.1205585077068	0.0323775780910002	0.130890376349635	0.00288154895908294
"HKB0150_3000_N"	0.562914550832915	0.0788526158578174	0.241336547460673	0.00461257988967085	0.0943126030048709	1.44987023284648e-14
"HKB0155_3003_N"	0.509012794738942	0.00804950186579718	0.0299725345562154	1.17856279083928e-14	1.17856279083928e-14	0.15242316585235
"HKB0157_3000_N"	0.43616544855631	8.47119594241369e-15	8.47119594241369e-15	0.100676152785081	0.0942918159563958	0.289004910365426
"HKB0158_3000_N"	0.454056824531643	0.0696369791867198	1.03963216427319e-14	0.127937457428415	0.0133233548763461	0.30119850643484
"HKB0159_3000_N"	0.492060875265271	0.215108993120194	0.10280100453209	0.0804525849082299	0.105850912303001	2.49599372627057e-11
"HKB0160_3001_N"	0.453060440216641	0.0337073569425205	0.00813598055005622	0.14451618591261	0.101920102914897	0.206965640883281
"HKB0161_3000_N"	0.485129325659229	0.0233482623595004	1.02826039905462e-14	0.0141419334246136	1.02826039905462e-14	0.276825270961961
"HKB0162_3000_N"	0.40675736422841	8.57829788052492e-15	8.57829788052492e-15	0.183037348330355	0.116197472267717	0.246271049013099
"HKB0164_3000_N"	0.282303412092919	0.214225931270671	0.227146403719553	0.0236625173169677	0.181938858681178	0.029896013951303
"HKB0167_3000_N"	0.40816461731507	0.0804015795304539	0.0256477017008263	0.104231576380409	4.17072177947187e-08	0.226771104594015
"HKB0168_3000_N"	0.235915898748783	0.0651039350184746	0.260121751880729	0.00541448631899314	1.37009830537498e-14	0.0287393100847406
"HKB0179_3000_N"	0.566970267609738	0.0501174396403959	3.85162374191297e-10	0.159577670106668	0.126567963480198	0.0943241693076932
"HKB0186_3002_N"	0.402401944259091	0.223638993270608	0.0972926432539956	0.0562869148278469	0.104252157765655	0.0267196535623007
"HKB0194_3000_N"	0.35208748465285	0.278178204462305	0.0530123690610072	0.0605547065876	0.0343864891129816	0.0103394960939071
"HKB0196_3000_N"	0.584604149751865	9.6834417642788e-15	0.0116419065097231	0.112048479103585	0.0780606690251784	0.077568342128423
"HKB0198_3000_N"	0.416303860630284	0.111186245561661	0.101025026920644	0.186494604563654	0.149727105526793	0.0352631567969415
"HKB0207_3000_N"	0.400449107883321	9.7598830969905e-15	0.0998477534797391	0.149604561344707	0.0261745900148301	0.218921797219891
"HKB0210_3000_N"	0.36416475331137	0.0389336439839356	0.00319321631105326	0.0980468517321788	0.108184253439348	0.097575785052074
"HKB0211_3000_N"	0.517911003681119	0.0104365634832391	8.26160332580732e-15	0.165045922934196	0.109082859529302	0.187107532654721
"HKB0214_3000_N"	0.379907817080689	0.178247180456332	0.100678981842795	0.101292847052893	0.190145275031003	0.03801491742827
"HKB0216_3000_N"	0.0116038163228125	1.0347014957345e-14	1.0347014957345e-14	0.0725971401978261	0.382048831344286	0.218293753005305
"HKB0219_3000_N"	0.470646388964886	0.0917624311601629	0.0137978598304995	0.239539790824702	0.0425355025660182	0.130891667105034
"HKB0220_3003_N"	0.34725271826663	0.0140716374063521	9.35031824019852e-15	0.232070819534347	0.0847993776155969	0.25422057541335
"HKB0221_3000_N"	0.525317664231458	0.12644435686051	0.00752557659070058	0.18823436448485	0.0603330698537025	0.089342737056013
"HKB0222_3000_N"	0.370863933615689	0.0561215835320873	0.042092953448356	0.157613651197579	0.106746840150399	0.146780702010133
"HKB0225_3000_N"	0.337820765667295	0.138412084784007	0.340402039327215	0.0177126749601145	1.40259570188522e-14	0.0114889688373819
"HKB0226_3000_N"	0.38342594576394	8.99912255661642e-15	0.000161893336769067	0.0971692991733092	0.000797824684968925	0.419589836501511
"HKB0227_3000_N"	0.546064337672276	0.0650366698701181	0.0701347697513851	0.0375753662431874	0.0334333643010029	0.220203259073164
"HKB0233_3000_N"	0.175463019477695	0.211771620648732	0.323626282635206	0.0112387194087415	0.020781461969715	0.0345308304789993
"HKB0538_3000_N"	0.343119266272175	0.222501134597878	0.245952382338831	0.106379754640226	0.00760997210325163	1.0695156924267e-14
"HKB0562_3000_N"	0.22713752135051	0.21202903534468	0.309382760146069	0.0270869398629461	0.0994716221218625	0.0169795805513913
"HKB0571_3000_N"	0.470843667574597	0.0155040724356676	0.0209691138841785	0.128524619465493	0.040558941742526	0.243924461975691
"HKB0574_3000_N"	0.436916207344572	8.83210703783392e-15	0.0160214985568222	0.220668176250642	0.0673842853873006	0.182649800172948
"HKB0577_3000_N"	0.495743723743951	0.0139889130550364	7.24736077735961e-15	0.131046233269033	0.108353448897111	0.226500689740097
"HKB0583_3000_N"	0.577832648135601	0.06916846578144	1.13926808214573e-14	1.13926808214573e-14	0.00181271907518185	0.219346653778224
"HKB0597_3000_N"	0.382125259094782	0.0757452075589173	7.1434672631149e-15	0.142391815178483	0.0315865325090959	0.353420047722234
"HKB0618_3000_N"	0.419984181384261	1.00711142964287e-08	8.81419081239934e-15	0.163899067577462	0.0231345316751206	0.308448739252846
"HKB0636_3000_N"	0.335170873738603	0.220277209410665	0.0849199584495548	0.0507761509769425	0.146129719701808	0.126219285309062
"HKB0648_3000_N"	0.381836749516171	0.0359114884131744	9.9611632398522e-15	0.333071275768155	0.0827731429721597	0.0923506248116311
"HKB0651_3000_N"	0.314118232291214	0.0610495864618311	0.147669804404786	0.178621099725223	1.48167122167064e-14	0.00230209366848275
"HKB0657_3000_N"	0.51542560246822	0.0977688588309131	0.12048530401896	0.0550395009483228	0.0669817614189024	0.0130515913883158
"HKB0663_3000_N"	0.441988200330777	0.0972218213284263	0.0121464071082373	0.0525834320905728	0.0574668524572539	0.302788471681862
"HKB0666_3000_N"	0.580762256695161	0.0472697388236129	1.17201650331647e-14	0.0358132653917933	5.13289003944718e-11	0.186895487764083
"HKB0672_3000_N"	0.357427031649269	0.0854062862113931	8.22645000067309e-15	0.18253201677056	0.0230511273662864	0.347856871768054
"HKB0710_3001_N"	0.51561976830632	0.0668554979033905	0.155455844353366	0.0908498381435107	0.0783439588584203	0.0842677069272205
"HKB0718_3001_N"	0.490701746325205	0.172381845120182	0.0758285750692282	0.104603161468544	0.0830209390201088	0.028472948268388
"HKB0719_3001_N"	0.504409292754776	0.0893568243912298	9.92872545853885e-15	0.0816718576464894	0.0373908766480015	0.172741650739917
"HKB0722_3001_N"	0.501050879282036	0.148284111680431	0.179821417144005	0.0352045732233211	0.0845538029772744	0.0141046404926736
"HKB0744_3001_N"	0.356506423527432	9.86940819242858e-15	9.86940819242858e-15	0.072802185337218	0.0279890875764508	0.335757593101954
"HKB0748_3001_N"	0.328705640214798	0.115892064926689	0.0768310526896227	0.0996278641014427	0.121197639971883	0.195360912689212
"HKB0751_3001_N"	0.470949774116338	0.0943726957622486	0.148328766634053	1.13094171484804e-14	0.0488860301122075	0.191225626976849
"HKB0752_3001_N"	0.50121422227123	0.116824167539786	0.183344665410489	0.0431439964172593	0.0993099878245747	1.15575189098811e-14
