"ID"	"S01"	"S02"	"S03"	"S04"	"S05"	"S06"	"S07"	"S08"
"HKB0004_3006_T"	0.0474855891888729	8.26627852812127e-15	0.0208515464758892	0.00326525935306306	0.0158358802099312	0.0559426635022031	8.26627852812127e-15	0.490530863323883
"HKB0005_3001_T"	0.00881388381537558	9.5597634881036e-15	0.0380352919988734	0.0401144154143243	0.0123091058277485	0.119155117381977	9.5597634881036e-15	0.330042975379039
"HKB0006_3006_T"	0.0134187548452446	9.14299044076635e-15	0.0136135520897221	0.0906353273542007	0.123452057007163	0.165299854947698	9.14299044076635e-15	0.00285737456639247
"HKB0007_3005_T"	1.16459804679553e-14	0.000921585599115184	0.173709385711968	0.075737523784636	0.179784483163249	0.0917538520180139	0.0839229701454103	0.0585717910853491
"HKB0008_3006_T"	0.0165189825446795	0.0013566784420696	0.226697666592369	0.214993262549136	0.233211047053494	0.0103536254014909	0.157466610839579	0.020300504299309
"HKB0016_3006_T"	0.0691956828089994	9.98038873073718e-15	0.11618545398627	0.0484670512630441	0.165950936402146	0.231910236514412	0.059496072708492	0.000114721840249193
"HKB0019_3006_T"	0.0098631725367745	9.65147963412868e-15	0.132889419218179	9.65147963412868e-15	0.00089140172649686	0.0315262960930868	0.00451599257478362	0.426536372251626
"HKB0023_3006_T"	0.0132240271664538	1.1639120737108e-14	0.336370650562195	0.155820088928845	0.192115667726094	0.0527196685886167	0.0116798734707945	0.074339119493314
"HKB0031_3001_T"	0.0640810880572331	1.07878754739619e-14	0.036154814164361	0.0520486873350096	0.0895729193103498	0.0679905027086587	0.103118215507637	1.07878754739619e-14
"HKB0033_3006_T"	0.0403822003534834	0.00951805714173068	0.230004253661942	0.0765384621675132	0.149285028965538	0.11852266046359	0.0408335200858501	0.00958121463849623
"HKB0035_3006_T"	0.0359792198621549	1.07841104674539e-14	0.0184718081777827	0.0621511068707623	0.122091084427111	0.108413900720364	0.022789373615539	0.01366708849475
"HKB0036_3006_T"	0.0430109405374925	9.6304776697696e-15	0.100502139288471	0.00649693956796403	0.0543439797154228	0.0622715416297269	0.00500828688416248	0.409669954037165
"HKB0038_3006_T"	0.0652044588638666	9.86719472244341e-15	0.329593747533055	0.00227704259540059	0.0440752894848192	0.116616244239203	0.00674327032384742	0.122173781367443
"HKB0040_3002_T"	0.0608759139007434	8.88189653877332e-15	0.00378404798301598	0.0510655044812006	1.51708339765617e-12	0.12372679172997	0.433960305678779	0.057600620196373
"HKB0044_3006_T"	0.00621052288487596	9.46141956173972e-15	0.0183864561017637	0.0164461025938759	0.141302692178484	0.0610191166616878	0.0792788099047684	0.130786147350479
"HKB0049_3006_T"	0.0122892598551674	0.062203982251826	0.298943937472858	0.091360310263602	0.164603653302056	0.0240376662064552	0.126253030092817	0.00810910332649316
"HKB0050_3005_T"	0.0135717615113608	1.15558676576126e-14	0.0148851377454042	0.0072908160305155	0.0851747139190269	0.0159977467245076	0.142427241508079	0.00218459423267567
"HKB0052_3000_T"	0.0442254238893779	0.111499628106672	0.179497230720313	0.0420324594052847	0.16320104008559	0.115058193312042	0.0810542862855363	0.0625905671044623
"HKB0054_3000_T"	0.0230430561295489	0.0470737457797675	0.0631654068470351	0.00183919339872504	0.148635041991033	0.109660208488533	0.352861312762388	0.0470962135079233
"HKB0056_3002_T"	0.0665080451811793	8.67893035171659e-15	0.0287235660673771	0.0207138842435011	0.0360156908357058	0.0874728824010776	0.0488089990497971	0.306035111763356
"HKB0064_3004_T"	0.0189253183259182	0.0576906102205184	0.0327925210541901	0.0561366841242063	0.178862546234746	0.0686219578353833	0.267939675675954	0.00781533621091812
"HKB0065_3006_T"	0.00657368337740945	8.89924008293184e-15	0.0412506936227449	0.000684090740626297	0.00906365529336867	0.0437667571181247	0.0366101298545564	0.560933652080566
"HKB0067_3006_T"	1.36055648363324e-14	1.36055648363324e-14	0.121309532081254	0.0800801327286543	0.217311128446516	0.0283241664214474	0.153035027502353	1.36055648363324e-14
"HKB0069_3000_T"	1.32361182484412e-14	0.00522962688993195	0.0892676736625218	0.0138773265212286	0.190402086460668	0.0487518316753655	0.212004787993941	0.198276731709669
"HKB0070_3002_T"	4.54622344396862e-13	0.00859423378094544	4.56544249799882e-08	0.0222740519590979	0.17219326616448	0.0807483826295255	0.114329437882891	0.0096860849582945
"HKB0074_3000_T"	0.0388557433751946	0.191917753410559	0.0765878770038009	0.0735225588082674	0.153539436324837	0.119230578568424	0.221800749212507	0.0157961936871398
"HKB0078_3000_T"	0.0227039383028549	1.14375742366502e-14	0.118205679753684	0.0652738951392045	0.272207362920779	0.0895314894769449	1.14375742366502e-14	0.031902864555578
"HKB0079_3006_T"	0.0605087308491886	0.000832373368209069	0.0982501553562537	0.00589073860927365	0.0504938210083973	0.0385369869245934	0.0922253153310452	0.181364136116255
"HKB0080_3006_T"	0.00679784338657479	9.47316734165883e-15	0.0105555948801559	0.0459930417521425	0.0582825035688685	0.160337752152715	0.0129757382877442	9.47316734165883e-15
"HKB0082_3006_T"	1.11618885684689e-14	0.000348604699000966	0.0681223665057199	0.0305657881012001	0.0433268172463259	0.00496880549787993	0.113313674488918	0.168169886237394
"HKB0084_3000_T"	0.0419477608367605	9.00222344660369e-15	0.134522552420328	0.0155984651225379	0.0309464333900368	0.0734658559033783	0.0488886171238792	0.362271694442238
"HKB0086_3006_T"	0.000154909134258728	1.23642996417525e-14	0.182323589457436	0.215291091102637	0.184528360887095	0.0723728754205566	0.0545581463609249	0.0161144941561875
"HKB0088_3000_T"	0.0089703894327516	0.000519878847386043	0.210372462285525	0.115573588825315	0.305893241795318	0.0761557968422728	0.106999775802972	0.0469118097689084
"HKB0089_3001_T"	0.0425239170333831	0.002768993829156	0.136043470109194	0.0278185697265948	0.126606470109039	0.0246845871909499	0.0638699264378543	0.0578939280948386
"HKB0091_3001_T"	0.0608882843664114	0.000768806109132952	0.0261654189061391	8.51136341136759e-15	0.0449911600037658	0.0494569145611084	0.0808807716138461	0.41775621985709
"HKB0092_3000_T"	0.0379776906329266	1.1239973651016e-14	0.122717759060356	0.0456654314795972	0.186213468118609	0.0483187242350061	1.1239973651016e-14	0.216604857783531
"HKB0094_3006_T"	0.0226921374484304	0.000581293910915732	0.000490530764539453	0.0147773699667813	0.134539938365966	0.110492030276896	0.0470063916853956	0.0286542057046493
"HKB0096_3001_T"	0.027877104775768	2.18005242222416e-13	0.00073308975042725	0.0134869281361222	0.0276489910533994	0.00948643229633634	0.00729102692846475	1.12775996277864e-11
"HKB0097_3000_T"	1.24109662122987e-14	0.00518029799794405	0.016558724324251	0.00954479560912334	0.123299477204758	0.0178537766481179	0.00545251236526169	1.24109662122987e-14
"HKB0098_3005_T"	0.00261131720092384	0.00319088890850819	0.254137239307001	0.0151511776074549	0.192153097709471	0.0626516675780789	0.107767688837326	0.0550017755836843
"HKB0100_3006_T"	0.0031921227150535	0.00526496521480566	0.0457051454115683	0.00281876122959508	0.114294686048513	0.0936664204806889	0.0076899620092003	0.0641637290637106
"HKB0101_3000_T"	0.0485072834703001	1.17936771488089e-14	0.307071311595029	0.0998396609862678	0.123850258154126	0.127186416078411	0.0456286200679278	1.17936771488089e-14
"HKB0102_3006_T"	0.0268094658096737	1.40997648391692e-14	0.137117987143974	0.0329443725512839	0.112374098589029	0.0345849789557497	0.0322679624308811	1.40997648391692e-14
"HKB0104_3006_T"	0.0195289817988435	7.51401891486589e-15	7.51401891486589e-15	0.0428334790467174	0.046287869896637	0.0149861423958668	7.51401891486589e-15	0.0127157618930908
"HKB0106_3006_T"	0.0103245851070946	0.000522112984647357	0.0354424381409279	0.0192558850904032	0.151201567190962	0.0685912186405018	1.25151994743507e-14	0.0344799794107682
"HKB0108_3000_T"	0.0107803625593816	8.43043053186399e-15	0.00162170129954667	0.0238327363367406	0.0984476082711558	0.0111866112770321	0.00417553169898759	8.43043053186399e-15
"HKB0109_3006_T"	0.0343085321027593	9.60151004135873e-15	0.00326091460759711	0.00336272882670322	0.0741764244959569	0.00409078422919965	0.0168788159600704	8.31363169096713e-05
"HKB0115_3006_T"	0.029731863990824	0.000375123235244112	0.0729212226243277	0.0777594731107053	0.132266522835515	0.0463486398974873	0.0232738006976996	0.0413962526630545
"HKB0120_3000_T"	0.0269314650501713	0.195256369592109	0.205573309577295	0.0494122315038916	0.120228607154105	0.0619515602950532	0.239779062950863	0.0582205744597573
"HKB0121_3006_T"	0.00291652159857663	9.75511327197718e-15	0.0309306889822362	9.75511327197718e-15	0.00858692236445635	0.0281409935837166	0.0143423215225991	9.75511327197718e-15
"HKB0123_3006_T"	0.00420936670986017	1.20825042821541e-14	0.140325688125197	0.00785446995902234	0.126968928429297	0.0096324596394013	0.00938523480381268	0.00269618379227003
"HKB0124_3003_T"	0.0316820276405618	0.037473667116346	0.0477150502162008	0.025855209604134	0.125490821929601	0.0948587322785709	1.47590280043703e-14	0.102335050357055
"HKB0125_3006_T"	0.000125745694431045	9.5744753934537e-15	0.0571719531619889	0.0398598354860635	0.103456351474447	0.0737862638430444	9.5744753934537e-15	0.346365010185009
"HKB0127_3006_T"	1.27292379204345e-14	0.0031103904351204	0.00957555146833646	0.0092034628861698	0.0799665920389522	0.0206573902725788	0.110994744854785	1.27292379204345e-14
"HKB0129_3000_T"	0.0589399478504231	0.194205325774298	0.0220415923899569	0.152354240004333	0.300929046016395	0.100157677093681	0.108609843072132	1.34642403822131e-14
"HKB0132_3006_T"	0.00900359373016816	0.000269921941271868	0.00150030883569984	0.00762320403693995	0.0352665774312224	0.0809620748360357	0.0281933484728131	0.00171515344746109
"HKB0134_3006_T"	0.000183110320240859	9.15668615014164e-15	0.0489898430835363	0.00138988006146835	0.00898223046981084	0.144900748866824	0.0642466869010406	0.554494977305648
"HKB0137_3002_T"	0.00278193795708021	1.12487550916229e-14	0.0636961951455741	0.0469607291440661	0.069449315625042	0.096375625780471	0.0453706213162482	0.0094087735787347
"HKB0141_3006_T"	0.00529819792512672	0.0078802378226181	0.082491375235651	0.0857326637066083	0.355124274694621	0.0739715100317807	0.0251416761029688	1.53906133919593e-14
"HKB0143_3006_T"	0.000240041155831869	0.00727674910266696	0.236273124283549	0.0016444291985803	0.13660604214273	0.119214008685873	0.107067200288261	0.0952598485887324
"HKB0147_3000_T"	0.0151375412588506	8.75016466358818e-15	0.0397299048732615	0.0272566005669868	0.086938902366662	0.244049235563359	8.75016466358818e-15	0.0109049959582059
"HKB0150_3006_T"	0.00189602357483618	0.000167686883133123	0.00159203750507359	0.0174187337531538	0.0123784711423483	0.0491074985644748	0.00530763761264253	6.34939502665148e-15
"HKB0155_3000_T"	0.154427615504973	0.0263351227088431	0.145010913972207	0.0236759929002825	0.105181352334305	0.123364814014976	0.140911087947395	1.08641610249225e-14
"HKB0157_3006_T"	0.0407234045436005	0.000537601935167955	0.028288355780614	0.0119773010926105	0.00362443066893744	0.139240382652518	0.00460006258160591	0.313874187046472
"HKB0158_3006_T"	0.0543602699983794	0.023234337804819	0.172292297040603	0.16938277434671	0.243898954515888	0.126367150947561	0.0982649495825087	0.0505378877724427
"HKB0159_3006_T"	0.0865330299102722	1.00012915950865e-14	0.0340850818450499	0.155290249782928	0.130404302677968	0.124379194239861	0.0119954416479309	0.0194607146284101
"HKB0160_3000_T"	0.0331599245480502	0.335385751631543	0.00200059379120935	0.00966210780203764	0.00746596130819012	0.0671082786820919	0.00504248433320211	0.0291200591889889
"HKB0161_3001_T"	0.0415937138598406	0.104467754211665	0.170734683720696	0.109076294032797	0.122833276084419	0.142708166181714	0.0285696715701653	0.280016440047715
"HKB0162_3006_T"	0.0980481166260457	0.000460593288929739	0.106023003335813	0.0582584547333369	0.113920247724732	0.0372850044001475	0.0876563382906224	0.0908131988399276
"HKB0164_3006_T"	0.0316815379897826	0.0374240630721424	0.113980102821559	0.276505111422902	0.22905545698518	0.138243789758625	0.10102295223643	0.0224272373716291
"HKB0167_3006_T"	0.0243806969737293	0.000136469837384553	0.136539962147034	0.0732120145915263	0.0460602384502514	0.0275277401969295	0.355135532997324	0.0991652833558445
"HKB0168_3006_T"	0.00396791968086399	0.0157907070243594	0.172957407171808	0.0672988218248485	0.274684952839434	0.0331810302340367	0.00800502284553607	0.104400020216632
"HKB0179_3006_T"	0.0180432046756221	1.31218986325322e-14	0.13730496574488	0.122422074714169	0.0993771690285911	0.221474347999867	0.0345432983200652	0.0505022260864107
"HKB0182_3006_T"	0.0290832363310555	6.58829179321623e-12	0.217403138486593	0.0214346585852342	0.0234158867041116	0.0497887875359878	0.00675523941783331	0.407950132344248
"HKB0186_3000_T"	0.0335738175737327	0.242932205047383	0.242557003216648	0.0566520176420084	0.088586934077943	0.0746505384063706	0.198338036497871	0.0360235229897792
"HKB0191_3001_T"	1.25994518322503e-14	1.25994518322503e-14	0.255302987144472	0.0716772712287475	0.135316724990597	0.0285252795654872	0.0899581153636884	0.0363220045960885
"HKB0194_3006_T"	0.0404636629547845	6.37933532565216e-05	0.0434622273174001	0.108104215229344	0.117777174538688	0.0935181876208843	0.151893732913253	0.0989272140352984
"HKB0196_3006_T"	0.031796706911152	0.00272388597373536	0.00941394293611268	0.135654408331895	0.0636972784788247	0.145708813506354	0.00337742521533741	0.0950240645796678
"HKB0207_3001_T"	0.0179852644786001	0.178780393045689	0.146488826048901	0.0867746663556591	0.0627419714860933	0.0525929263799156	0.187277554005902	1.29100310568265e-14
"HKB0208_3006_T"	1.31261538924432e-13	3.0063842039757e-05	0.350638025119656	0.250488252923553	0.254506162258142	0.0381888509697105	0.0226506962052263	0.00265303180373372
"HKB0209_3004_T"	0.0464968398517174	0.000545941591273652	0.33683794517387	0.0468908243263847	0.241799248226769	0.112706400559215	0.0468106550399555	0.0861543056720785
"HKB0210_3006_T"	0.0567052573900239	5.87142436529981e-15	0.00215187940565304	0.0432675975117419	5.87142436529981e-15	0.482124718674501	0.00888041814409832	0.134737330178674
"HKB0211_3002_T"	0.0817739725573008	0.000208157737041884	0.0424046416842536	0.0377900725379954	0.0351834926567483	0.224499685000361	0.010196574654767	0.420065524598133
"HKB0214_3006_T"	0.0348086308990355	0.00179799844517336	0.0896009567549992	0.11545000358754	0.108605279036336	0.128084815345505	0.0767178473684942	0.0895983496309723
"HKB0217_3005_T"	0.00809009377041381	1.02085192782843e-14	0.0233568543900857	0.0509677917557725	0.11951092169441	0.131131553864771	1.02085192782843e-14	0.0186689593383343
"HKB0219_3001_T"	0.00457539764453032	0.00175498651524517	0.134615708473225	0.0111893532261356	0.0699779222750277	0.224975371983988	1.26076630952817e-14	0.0545328526704007
"HKB0220_3000_T"	0.0672027374394256	0.00879140017061974	0.123776434695388	0.119793019408261	0.175201438605205	0.0512629241899604	0.26852276548473	1.18485691966868e-14
"HKB0221_3001_T"	0.0132290188728459	1.31675899695569e-14	0.154838449739348	0.154382772019891	0.17448077520749	0.0541641237455022	0.0957490087049039	0.00587191809093657
"HKB0222_3006_T"	1.06059307753475e-14	1.06059307753475e-14	0.010774538986748	0.201517433933669	0.151511610149172	0.0738826414820574	0.0530178063002204	0.0114682644138619
"HKB0225_3001_T"	1.03989767845531e-14	1.03989767845531e-14	0.0562658364651464	0.0667433740018582	0.0841949992251064	0.142544706021106	1.03989767845531e-14	0.0541203721178122
"HKB0226_3001_T"	0.0115938752189658	1.22162461033902e-14	0.134301669160825	0.133883620280392	0.21287546949663	0.0687439329123481	0.00701458881077948	1.22162461033902e-14
"HKB0227_3006_T"	9.29793932184638e-15	9.29793932184638e-15	0.000667476427034067	0.0453865256360921	0.105814803753861	0.0794421426585143	0.0752307719637237	0.0300117701273537
"HKB0228_3002_T"	0.00615833328863637	1.19899563802474e-14	0.0130406845665962	0.048891416760313	0.176398319915855	0.0564808055247606	0.0237945671709477	0.0204724006495596
"HKB0230_3006_T"	1.16947794672388e-14	0.00622866040470479	0.0504816895873636	0.0619143380170767	0.250997557240446	0.221535251948402	0.0478697059543738	0.000145543153641836
"HKB0232_3000_T"	0.00880617189981529	9.22791467982112e-15	0.16043679229461	0.011256909465879	0.107978680247717	0.110994784035575	9.22791467982112e-15	0.0927761929725128
"HKB0233_3006_T"	0.0139006923333811	5.37847864685916e-15	5.37847864685916e-15	0.0142124761168667	0.00525484196533643	0.12950374140719	5.37847864685916e-15	0.0648537001189432
"HKB0540_3000_T"	9.64610081134475e-15	9.64610081134475e-15	0.0161655388952484	0.0782629205976982	0.0335962779332883	0.166457873615749	0.00954395516193035	0.0358603494971506
"HKB0552_3000_T"	0.0182468232353276	0.113341780559275	0.0392524571816874	0.266577692980809	0.196599415331959	0.0576746231412383	4.26250513791473e-08	0.00694449671745292
"HKB0558_3000_T"	0.0231493199836558	1.33500990769744e-14	0.149593205425279	0.150275532770995	0.112735516190403	0.0378238555254677	0.00367994666283089	0.0337566598199548
"HKB0564_3000_T"	0.000464954853301303	0.0214088748433218	0.22628180271557	0.181188428691782	0.343018207777582	0.0577114356959791	0.0193713850394934	0.0388503397462578
"HKB0573_3000_T"	0.038879313112513	0.047105135745391	0.191938319746269	0.132049537694318	0.0888679823082151	0.0493757863287697	0.258349598521603	0.04427938465424
"HKB0576_3000_T"	0.0231264493539956	9.8514575828572e-15	0.308800344391766	0.109777018088097	0.00514909230628785	0.0983023765927082	0.0987143627500367	0.115724036585382
"HKB0579_3000_T"	0.0162292826561903	0.022795366398141	0.219635459416271	0.254281256773933	0.134303382138986	0.0967961238362127	0.147015439680468	1.21651577696877e-14
"HKB0585_3000_T"	9.15003962949729e-15	9.15003962949729e-15	0.0124906240715222	0.0526690207743207	0.0743301908368767	0.227674203772213	0.00977426843310509	9.15003962949729e-15
"HKB0599_3000_T"	0.0190275006702025	1.03229667339333e-14	0.157411403911291	0.234684823559777	0.082369074512551	0.114168166839536	0.0164708017960562	0.0061863370126368
"HKB0605_3000_T"	0.00183138790031952	0.00051293877826401	0.133922844456135	0.109159228444388	0.115874976416312	0.0372489245001626	0.0415951649116749	1.35926705866745e-14
"HKB0620_3000_T"	0.0238994032277493	1.27889888887408e-14	0.0317642653016036	0.120046671724106	0.0949458175916851	0.0302326439031109	0.0348875501943399	1.27889888887408e-14
"HKB0626_3000_T"	0.033987794950493	7.57975824154307e-15	0.0030645890592333	0.00311570554865745	0.0160593992568156	0.0718661321454065	7.57975824154307e-15	0.248869048979201
"HKB0629_3000_T"	8.09305025360269e-15	8.09305025360269e-15	0.000966450778550509	0.0526488479886918	0.080719485793691	0.0771402907567543	0.0187011560194453	0.00682115389992322
"HKB0638_3000_T"	0.037035141031702	1.13386585130586e-14	0.191981627328428	0.0896946674826336	0.147975198014829	0.0709459252159811	1.13386585130586e-14	0.0812064960801795
"HKB0644_3000_T"	7.73814751970976e-15	7.73814751970976e-15	0.000242587556663459	0.0380586661870702	7.73814751970976e-15	0.0234560605252449	7.73814751970976e-15	0.196991063407255
"HKB0650_3000_T"	1.02585576532788e-14	1.02585576532788e-14	0.00126604474953458	0.0945513473591499	0.0538932439849621	0.0407728455977524	0.0634903782497486	0.14773529392349
"HKB0653_3000_T"	0.0107104897585283	0.000273583581758055	0.100173700424341	0.073549036885941	0.111550830806095	0.0458954106211921	0.00189712366550323	0.0507165453036946
"HKB0656_3000_T"	0.0348521618638193	1.26482008702614e-14	0.0439202099257112	0.0962531045804014	0.105117411113856	0.00160993970401363	1.26482008702614e-14	0.0431110678802778
"HKB0659_3000_T"	0.0210614598616766	9.71327549846584e-15	0.0272527924771108	0.00912878638900328	9.71327549846584e-15	0.0155853974010526	0.184607694365185	0.232956205428755
"HKB0665_3000_T"	0.0117058686401557	0.00136352489614816	0.368239546966368	0.0800255553120713	0.171859884244631	0.0498105620873127	1.13744346411199e-14	0.117787608454366
"HKB0668_3000_T"	0.00787264064406689	0.00135994962284019	0.137573135351826	0.0975150290196336	0.156439073791605	0.118011385637219	0.0238487959964245	0.00381149610691831
"HKB0674_3000_T"	0.0588305358276377	0.00503049896712183	0.155236847799742	0.0529402883196055	0.10254678574225	0.0292619060248636	0.368504379844067	0.152897985009089
"HKB0677_3000_T"	0.0103750944162463	7.59473115923339e-05	0.0295017273114198	9.1800757103371e-15	9.1800757103371e-15	0.0793101912894778	4.86867301165295e-05	0.430438076786827
"HKB0683_3000_T"	0.0228154050407344	1.36309658959294e-14	0.0270149432284885	2.4411464107625e-06	0.0254346353291088	0.033064416988062	0.0890541668993688	1.36309658959294e-14
"HKB0692_3000_T"	0.00489705137331786	1.01379555584458e-14	0.120667161413114	0.0187504859147246	0.121672729237112	0.0020827547497716	0.00465709650373112	0.108859907158479
"HKB0698_3000_T"	1.13424188800814e-14	1.13424188800814e-14	0.252287667009812	0.0576499224913421	0.174599196292106	0.082817374494348	1.13424188800814e-14	0.0469958073474489
"HKB0701_3000_T"	0.0115764863989377	0.0030219735145754	0.444223111108633	0.0574757942380572	0.0547991346109392	0.0630852252536073	0.0327994235691919	0.0562931047515102
"HKB0704_3000_T"	0.0102166488850889	8.18972538505157e-15	0.010986201347366	0.0126681099066913	0.0270797362138074	0.101229893373364	0.007781556865006	8.18972538505157e-15
"HKB0710_3000_T"	0.013719113146409	8.63763769758321e-15	0.00885477790129207	0.00662127275532304	0.0170146270694467	0.0288479790083837	0.160259279946202	0.209705874650382
"HKB0713_3000_T"	0.0467796287165843	1.03781798976506e-14	0.0732170072700184	0.0902449208672292	0.100549952281048	0.0501820661461892	1.03781798976506e-14	0.0160609765217425
"HKB0718_3000_T"	1.16494354366891e-14	0.00159423220036374	0.129333407444896	0.141266939145556	0.102074690789889	0.0609594165962458	0.104505372789009	0.0308959337034795
"HKB0719_3002_T"	1.49459864232917e-14	0.157520529960032	0.104007348821247	0.0904207518287577	0.185288403820963	0.0233687222800211	0.0546713432860788	1.81478214449158e-10
"HKB0721_3000_T"	0.0372944037949623	1.0195813411298e-14	0.0379817785625362	0.0887969796753689	0.115528046231425	0.0798840986863515	0.00336336343887677	0.136384203658894
"HKB0722_3002_T"	0.079897976769788	1.23564384357776e-14	0.0972312691444243	0.0716691276105125	0.223026398990133	0.00224750053188686	0.0247933859313414	0.0836064708055232
"HKB0726_3000_T"	1.86046927402299e-12	1.0014666172462e-14	0.0164380701347922	0.222356029247458	0.195375552836898	0.0976917660602005	0.00181560486302268	0.0166016131790461
"HKB0734_3000_T"	0.0066668426531709	1.22180206514417e-14	0.182097085881303	0.139521156448069	0.245255480303142	0.032948401065318	1.22180206514417e-14	0.0192953920276507
"HKB0736_3000_T"	0.0129486310938745	9.61467914995852e-15	9.61467914995852e-15	0.156840053293574	0.163465264968163	0.0492463168000782	0.368883818134822	0.0184909769355119
"HKB0737_3000_T"	0.0154810233494317	0.0218586799468092	0.371250111303091	0.0592333352121017	0.108040695261831	0.101905187830687	0.0500908705252866	0.073211275867947
"HKB0744_3000_T"	1.1380081427675e-14	1.1380081427675e-14	0.184036104587576	0.0620489261965447	0.142572027785129	1.1380081427675e-14	1.86696176740404e-11	0.00995175703597351
"HKB0748_3000_T"	0.0169928373309931	1.04614736117959e-14	0.0358398324164184	0.12298654891902	0.1321300746002	0.282679099931201	0.0238156222531881	0.0318796534051376
"HKB0750_3000_T"	0.0351458574927713	0.00333137045913076	0.000607409177749125	0.0230880988420974	0.0232057631548304	0.153340139830983	0.0268464258971335	0.00340495121013662
"HKB0751_3000_T"	0.0194256932027738	5.93731294035007e-11	0.0494721621592835	0.1470976093388	0.245572487388546	0.0196752397731017	0.275797733970044	6.72479257749365e-05
"HKB0752_3000_T"	0.0233541753032607	1.08041992076514e-14	0.0389753423598617	0.0447718626076676	0.093209332484586	0.0933845459842685	0.162576226783194	0.136164685784251
"HKB0004_3000_N"	0.00210176407218035	0.345581780585758	1.46663768618127e-14	0.0699164360046832	0.191810795034342	0.140965933933718	0.0339041867016671	0.0337706594189553
"HKB0005_3000_N"	0.00968595020498885	0.234078585209514	0.0456077340599249	0.162454221366289	0.084916801860689	0.225275678986952	0.033053727721924	0.0289346771146311
"HKB0006_3000_N"	0.000691668148599723	0.347487510122131	1.25756239693769e-14	0.0783701282846256	0.172954519237871	0.184737199671297	0.0262177603465196	2.74193333617127e-06
"HKB0019_3000_N"	0.0644243357760582	0.468374590885638	0.00226182266192735	0.0945298834906634	0.105124967820243	0.126274534948165	0.0245590732305968	0.0362133566128653
"HKB0023_3000_N"	0.0574785835730321	0.478138169628783	0.00235945290617202	0.0153758459389843	0.0788728120407546	0.0872966818616951	0.0833320579302856	0.0353410528430492
"HKB0033_3000_N"	1.1974192447437e-14	0.484405926987154	0.012881431875624	0.0834714213320303	0.0857229801004947	0.154864371762082	0.0703671013352384	0.0376614538661275
"HKB0035_3000_N"	0.0111994988815245	0.29507737828047	0.00515325052559098	1.50129694763082e-14	0.165814186570622	0.207611481321349	0.00652001642612809	0.0562123634827488
"HKB0036_3000_N"	0.0556751228518376	0.31849553314172	0.0454061817283049	1.49855504105261e-14	0.178147997067099	0.094636368423219	0.000494721758858143	0.0555459017233654
"HKB0038_3000_N"	0.0492334986375551	0.240187787792186	1.28724001685051e-14	0.0950262366135097	0.162555238816373	0.166952073695823	0.0473444325207711	0.0793073390809741
"HKB0040_3000_N"	1.10778134503131e-14	0.380727262671451	0.0200082715608303	0.118287061744932	0.258457884315459	0.110458132040673	0.0638575056177732	0.0193920536464931
"HKB0044_3000_N"	0.0179686468122515	0.258314157880466	0.0129139890548611	0.0320611372986584	0.234232994276027	0.20280930711405	0.0108184271862366	0.0216615902072471
"HKB0049_3000_N"	0.0348090520353149	0.416589643022328	0.0849786679857061	0.0139995645176125	0.00339532635460081	0.115466841265455	0.18059858449028	0.0810972404549489
"HKB0050_3000_N"	0.00421787860272898	0.441380639968484	0.00118266399763092	0.0754754252314996	0.182958430628845	0.167775756479231	0.0299223283629329	1.34301254767773e-14
"HKB0052_3004_N"	0.0107408265936487	0.590291246864432	0.0441802236208675	0.0382364401219136	0.0661172446344711	0.117251306612885	0.0907085943367056	0.0188133449967234
"HKB0064_3000_N"	0.0194945219995369	0.24078408824639	9.25597878120494e-15	9.25597878120494e-15	0.000940486736648781	0.0158819987597239	8.89636541946347e-09	0.0630083841326188
"HKB0067_3000_N"	0.0144694631674961	0.415566808198083	0.0264014268209698	7.85373418463173e-14	0.0271209255340613	0.0442991116669838	0.157461605975449	0.0834866948057745
"HKB0074_3003_N"	0.0604946324123981	0.520349147596402	0.011318023893668	0.043092388468021	0.0566074163645198	0.0849699773302105	0.0384150911015112	0.0362830273717855
"HKB0079_3000_N"	1.07467930120963e-14	0.246847287174558	0.014289943795324	0.0850226140839315	0.368359964354592	0.155561193348842	0.0133312096321612	0.031757566919277
"HKB0094_3000_N"	0.000966842990731692	0.520161870577242	1.44008806197875e-14	0.0664181582524478	0.0448409199100822	0.113225200253278	0.0359590180381586	0.0542426126544809
"HKB0096_3000_N"	0.00584884704434476	0.359994690482509	0.00484924384036081	2.24830753968354e-08	0.000141950901571492	0.0847987206430117	0.0483100015644717	0.0811932448783823
"HKB0097_3004_N"	0.0239395250032694	0.520670128639803	0.0105638549618537	0.00853698051551728	0.0127449535995239	0.0686519424379783	0.118394010920881	0.0875897952088083
"HKB0098_3000_N"	0.0548692265647519	0.436030923109604	0.00719697513289773	1.11634102073401e-14	0.0140006404919555	0.0397240982113302	0.0638041239943662	0.0513179633101022
"HKB0102_3000_N"	0.0499231236363443	0.413189825955226	1.30989695863234e-14	0.0125972376496871	0.0681886551286117	0.149247603250434	0.0250618295520108	0.0907762909501641
"HKB0106_3000_N"	0.0531844109969795	0.372861978188773	0.0224941477345514	1.00839841854614e-14	0.0188167147703463	0.0261388301455106	0.0568062499620104	0.0375570520914084
"HKB0109_3000_N"	0.336151796615536	0.290197426325205	0.0729731620175813	0.00332209173850431	0.00747169881502714	0.0372415443640017	0.132393031287715	0.0562317235269415
"HKB0115_3000_N"	1.32432358285586e-05	0.643891945204985	0.0443840430176862	0.0120704866341207	0.0404139461460516	0.0708455712655446	0.0507811974545134	0.0767962446144865
"HKB0120_3002_N"	0.0026430465815262	0.356145030985693	0.000649224659121221	0.0804368166758105	0.150275928790475	0.117331852780919	0.0272478753061881	0.0509332702073299
"HKB0121_3000_N"	0.0797712482494719	0.365652275369163	0.0151069432214141	9.87813925256964e-15	0.0099683215221997	0.0549346933497016	0.0560778328991837	0.0661270705483096
"HKB0122_3002_N"	1.44360985492967e-14	0.455279101735632	1.44360985492967e-14	0.0296399555738909	0.0817301291505364	0.110295299859258	0.0202370130131114	0.156116517852438
"HKB0123_3000_N"	0.0485099130133247	0.338327002008087	9.84914571986529e-15	9.84914571986529e-15	0.00193994404823122	0.103231907358405	0.0248231736238567	0.0753005616938944
"HKB0124_3000_N"	0.0288420278892634	0.313098557283061	1.07504393523126e-13	1.01995072700243e-14	0.0245519094712328	0.0718477051351163	0.0116882722644057	0.0997757715577223
"HKB0127_3000_N"	6.68462684963386e-13	0.110137659302104	3.94511066371733e-12	0.0429313567805742	0.262799780977098	0.151281013920364	0.00270445163892131	0.0929426534622373
"HKB0129_3002_N"	0.0942777797135046	0.354760410895018	0.0206587664527077	0.00952100996866085	0.0202436118210898	0.0894364929046501	0.0783869701600466	0.12076321700168
"HKB0132_3000_N"	0.0448480987271322	0.416830235456754	0.0121202455272804	0.00822735416682073	0.0456835078336029	0.0781570033218028	0.0967289886161553	0.0916132851270149
"HKB0133_3000_N"	0.0448311790989261	0.511992094599011	0.00844347842333897	0.0775142576480096	0.0920201390187484	0.0834210085631374	0.0634999378192381	0.0240578482193926
"HKB0134_3000_N"	0.0058850793398111	0.0350235265458505	1.13968173513783e-14	0.00117383205089455	0.104448722249112	0.0182313357901883	1.13968173513783e-14	1.13968173513783e-14
"HKB0137_3000_N"	0.0166479967160483	0.407339800813404	1.50580049649723e-14	0.00706607812734099	0.104707853178122	0.11750296607699	0.0161953563267567	0.0330623388236551
"HKB0141_3000_N"	0.0446236454775515	0.149642705387025	0.00311421578954809	0.0232781194732475	0.176139906093821	0.132070378505714	1.20537661658382e-14	0.0600843975540205
"HKB0143_3000_N"	6.05646996954089e-05	0.535072453774121	0.00397575606997607	0.0460461904426205	0.136233874040972	0.166472851624939	0.0111943724222901	0.020806594167506
"HKB0149_3000_N"	0.0419850074555943	0.338860254206144	0.0829116048486461	1.46698518896188e-14	0.0938160900969365	0.190758494736876	0.00232786017888849	0.0758634574996804
"HKB0150_3000_N"	0.0657927532300238	0.402741468559611	1.4333581307785e-14	0.0839689566236697	0.115906769398828	0.180003660421162	0.00578216907354744	0.00974743415558053
"HKB0155_3003_N"	0.0049901733781367	0.257680290595617	0.00556888075951825	9.39018190372451e-15	0.0107875626919394	0.0175993738615552	0.0151780104453182	0.0635161989283249
"HKB0157_3000_N"	9.76021053913051e-15	0.405349419587264	0.0710361197270598	9.76021053913051e-15	9.76021053913051e-15	0.038791267388796	0.103922426396036	0.0839097345534286
"HKB0158_3000_N"	0.0343361385476122	0.449019943957476	1.417753348345e-14	1.417753348345e-14	0.0141421942123224	0.0498887297527476	0.0623708944447528	0.166268918674791
"HKB0159_3000_N"	0.0526495072386233	0.450774060527742	0.00944166503037529	0.119569803005097	0.136727743672332	0.114385084169635	0.0270221266586474	0.0156701805210662
"HKB0160_3001_N"	0.0409464476216866	0.400164488403487	0.0434673341244419	0.0119145936274058	0.00342876832974281	0.0701129874576087	0.0517394659424518	0.11726193478903
"HKB0161_3000_N"	0.044926587356784	0.297399268722287	9.80071787342043e-15	0.000816918599401428	0.00341908734679591	0.00393194987563287	0.00321016919388666	0.0939721553615578
"HKB0162_3000_N"	0.0773869147982954	0.457738460762277	0.0445405527682567	0.0755191822707561	0.0561707601460626	0.125894051433708	0.100469438372883	0.0500984351509179
"HKB0164_3000_N"	0.0241040284903035	0.264476591883566	0.0301595901411011	0.246954457934648	0.235918330982013	0.118213849349271	0.0120363430065487	0.0300794117929001
"HKB0167_3000_N"	0.0410751477093919	0.398851509009506	1.28079743326664e-14	0.0661916388527505	0.0948994432714634	0.109612232266603	0.0678287991589043	0.146075894567131
"HKB0168_3000_N"	0.0119323006692481	0.157777273530229	1.13661992152707e-14	0.180249525166476	0.116344762810283	0.0550076561625946	0.00302678077176887	0.0704737445065698
"HKB0179_3000_N"	0.0468395632117276	0.487705513521397	0.0238891013250572	0.118977666388978	0.0178144238012686	0.129609194216106	0.0324316301031122	0.0597090797945404
"HKB0186_3002_N"	0.0722901412770381	0.342428827483453	1.47752474336103e-05	0.129528218356002	0.13282866992431	0.133488059903878	0.025289318341941	0.0543033155625177
"HKB0194_3000_N"	0.0318776333917399	0.268229526082547	0.00423482819921933	0.0379421862294313	0.203888074556004	0.0938425867280604	0.0183961434406985	0.0759977025420649
"HKB0196_3000_N"	0.0751092510721899	0.550814412150322	0.0126501872511516	0.118011086154137	0.0356909860231231	0.0633511560966305	0.0565695109700715	0.0496321537869698
"HKB0198_3000_N"	1.17730775907049e-14	0.40724782534461	0.000659095689040325	0.197951597155898	0.140505713266003	0.111694737361925	0.0799631272871597	0.0168893103145454
"HKB0207_3000_N"	0.0239869239016972	0.34198156671846	0.0100780843727107	6.41769071545622e-13	1.03633050326409e-14	0.00243849647931935	0.089678260411709	0.108795588814554
"HKB0210_3000_N"	0.106220411272052	0.245262148752319	0.0241195659918599	0.0298522773797442	0.0040454190489797	0.384225017452084	0.0603977883716045	0.0913421208091201
"HKB0211_3000_N"	0.0427429738914584	0.410119655948262	0.0383439396001201	0.0121085068563748	1.21544644660632e-10	0.0930388309198637	0.142799360689256	0.0919635375717418
"HKB0214_3000_N"	0.00558549237792523	0.380913089193696	0.0659949046304097	0.184796244903426	0.156757569550834	0.102075400036051	0.0351190621507464	0.0586761133289329
"HKB0216_3000_N"	7.9220596162383e-15	7.9220596162383e-15	0.248735210672539	0.00805506236657908	7.9220596162383e-15	7.9220596162383e-15	0.121943035799059	0.484606931583713
"HKB0219_3000_N"	0.040383415360283	0.50467638620281	0.0203821723698253	0.0860093124470812	0.0879736203782452	0.0503693571815623	0.124007553047181	0.046066530561279
"HKB0220_3003_N"	0.0159412514056662	0.32479421672554	0.0128251400621273	0.0233077064701734	0.00705221903245094	0.00135600102483948	0.229574898127133	0.106097742705869
"HKB0221_3000_N"	0.0605162404129866	0.518680886853815	0.0215171179528138	0.0298490470299017	0.126656522301148	0.108284847883181	0.049084070147672	0.0359564562282807
"HKB0222_3000_N"	0.0224824361118525	0.398178137198225	0.081028721456699	0.157412381654749	0.134314500132611	0.120283900278589	0.0749491388744498	0.00466365043272557
"HKB0225_3000_N"	0.0143849564830568	0.210531273376888	1.2801912805461e-14	0.189422804140276	0.12333095003522	0.0990651269419004	0.0198798391387468	0.0402542263405676
"HKB0226_3000_N"	9.88258169056189e-15	0.336143468983812	0.0021077065360147	9.88258169056189e-15	0.0138827176840049	0.0296897886941502	0.0641681258279449	0.0779563164766568
"HKB0227_3000_N"	0.00396624423240088	0.531382938987397	0.00514669805043902	0.116693035947905	0.113864001625583	0.0558751817362059	0.0485816526607215	0.0318294473204727
"HKB0233_3000_N"	0.0750623950262516	0.0798753671730815	1.17266386518296e-14	0.157335759096555	0.200945774084911	0.180297990941809	1.17266386518296e-14	0.0790267741772609
"HKB0538_3000_N"	1.13395597390705e-14	0.183046827892859	1.13395597390705e-14	0.290334144164425	0.0941484460394432	0.11430471497962	0.0298994255736939	0.0488148689457501
"HKB0562_3000_N"	1.10195957674246e-14	0.171825981277317	0.0108846079573729	0.249094778195188	0.221813231677817	0.168915865291406	0.000201439507620555	0.0135986842644818
"HKB0571_3000_N"	0.0457463535908806	0.418263731259781	0.00707431925175256	0.0843263846472047	0.060813486291344	0.0559998154526804	0.0838941501209733	0.0535227674913008
"HKB0574_3000_N"	9.96731973304125e-15	0.38133728440556	0.0146502140813632	0.0436451577019877	0.0384686691694327	0.0282123256532836	0.159988433534536	0.0761651153513512
"HKB0577_3000_N"	0.0024519660786923	0.452462637831079	0.0733728542465228	0.0733692855689446	0.0358179485114746	0.124344901160533	0.107467389493688	0.115765705263949
"HKB0583_3000_N"	0.0472072731252963	0.40679084428612	0.0174791135589365	0.0215384585123033	0.0190026825969675	0.0376298313034051	0.0195628876030146	0.0700139419138772
"HKB0597_3000_N"	0.529018281097831	0.179552917971914	0.00789256141109734	0.029640661354095	0.00637949178460943	0.0567762161256033	0.0664122239485027	0.0658393534759844
"HKB0618_3000_N"	0.00404147510504692	0.389667020896654	0.00222205355270267	0.0390983706588495	0.0289776396973191	0.0281307857380975	0.106872856812044	0.0615688537459814
"HKB0636_3000_N"	0.104755448461635	0.237147683395141	0.0019334733221286	0.262201045418729	0.0696926753580441	0.118204647241358	0.0457484487122308	0.00096150145925646
"HKB0648_3000_N"	0.0273404067407994	0.353062093608342	0.100827110786344	0.0757027998162691	0.0565469721868981	0.11014265690146	0.162134138834063	0.0425069072644662
"HKB0651_3000_N"	0.000324934271973025	0.166861918589604	1.24041769067226e-14	0.0954040211663214	0.0472248739610331	0.107980474085018	0.035167236173425	0.0270674273620014
"HKB0657_3000_N"	0.0575952292219669	0.324868688467645	0.00222961425813333	0.0913434474122827	0.0456201138089066	0.0965118756324577	0.0116950450585434	0.00779918150783562
"HKB0663_3000_N"	0.0275393377225296	0.480738539652687	0.00911404320935081	0.0126675965980871	0.0309582320650278	0.0751208220603636	0.0797754502279034	0.107841675948112
"HKB0666_3000_N"	0.0343410365188066	0.409710442058675	1.28903776847149e-14	1.10385436220255e-11	0.0108468111840145	0.0534586808353755	1.28903776847149e-14	0.0295477687701844
"HKB0672_3000_N"	0.0590599308008554	0.455226249862604	0.0175773406717094	0.0520761313553789	0.00690527808243615	0.0396277531578189	0.109179915170046	0.0916488539865653
"HKB0710_3001_N"	0.0266294458663762	0.496844372876894	2.41061107552472e-08	0.149276873722459	0.136077208648215	0.0357323028613113	0.0247226310491459	0.0361816212147507
"HKB0718_3001_N"	0.117691429048479	0.31809332155549	0.0019236637126682	0.191255837495677	0.065663852282566	0.122186712785832	0.0508694813455233	0.0454402572981682
"HKB0719_3001_N"	0.520413502460305	0.194402679685587	0.00401049259509191	0.00863640322914174	5.37064353212454e-08	0.0616041820670432	0.00174348885214868	0.0340662452594203
"HKB0722_3001_N"	0.0255518604216945	0.380427807289895	1.24420697621415e-14	0.171375802713691	0.114687354919256	0.164631704213254	0.0148166275293066	0.000303618422624362
"HKB0744_3001_N"	0.0350795224575827	0.225917737465597	0.00629353302628086	0.00592551024054697	0.00942944321288468	9.43931958625119e-15	0.0937380854358693	0.0717674526926719
"HKB0748_3001_N"	0.00735078946898008	0.351097489329177	0.133766233213348	0.0842061723993583	0.0831914975125638	0.188796694154638	0.11538944218776	0.0177781068562871
"HKB0751_3001_N"	0.0162142290761585	0.421681558612497	0.0116204395427949	0.14631325684375	0.102770212947442	0.057068307408966	1.37036702003941e-14	0.011923375470587
"HKB0752_3001_N"	0.0132511460959892	0.339729930638684	1.0773616225446e-14	0.151396500809213	0.0209932468011462	0.210059935540956	0.0147276358489216	1.0773616225446e-14
