"ID"	"S01"	"S02"	"S03"	"S04"	"S05"	"S06"	"S07"	"S08"	"S09"
"HKB0004_3006_T"	5.3991341769999e-15	0.029061295983937	0.00724060834846463	0.00769617857543097	5.3991341769999e-15	0.0289027390895003	0.575097815401033	0.0345643294878739	0.0286539263278685
"HKB0005_3001_T"	6.0098120480531e-15	6.0098120480531e-15	0.0146021245248835	0.00183619416031559	6.0098120480531e-15	0.0323077530006676	0.449556448318115	0.143083720157646	0.0390396712621097
"HKB0006_3006_T"	0.0030357058132336	0.00869491972159694	0.00354037539639294	6.84826328917851e-15	6.84826328917851e-15	0.012817977793625	0.0118694222413153	0.0847720498720767	0.109618352503638
"HKB0007_3005_T"	0.055845295468443	0.0324191381775427	0.303037369678709	0.0264463734880223	7.9243456502127e-15	0.130419090844008	0.0522584470152435	0.124590687827126	0.085273381432109
"HKB0008_3006_T"	0.132929170407407	0.193777630589597	0.0944456807883413	0.124179939294546	9.90289940581924e-05	0.158104468422059	7.14617969334166e-15	0.136625741679393	0.0956346219387973
"HKB0016_3006_T"	0.0940664126284923	0.133673942084581	0.151218907113299	0.0245819253478512	8.51405219412282e-15	0.116606077174509	8.51405219412282e-15	0.159858583785282	0.0888497501529861
"HKB0019_3006_T"	6.61627753783704e-15	6.61627753783704e-15	0.0627843861560154	0.0913829058099436	6.61627753783704e-15	0.149133380266358	0.215800312622249	0.00458187320863207	6.61627753783704e-15
"HKB0023_3006_T"	0.00176849454162615	0.0403984101897334	0.0277780717567476	1.40974230270827e-11	1.00730090126085e-14	0.342809053370974	0.148653864043648	0.0679263023817437	0.16252330218139
"HKB0031_3001_T"	0.110673127461611	0.223130671381608	0.0369871353679256	0.133951813056587	0.00150661513461151	0.0314458257103635	7.20267136591799e-15	0.0876075815087086	0.0290495419551389
"HKB0033_3006_T"	7.95770620424579e-09	0.327137067614081	0.0105536804168728	0.0764782117859589	0.00251189990100535	0.200565428803186	0.00232103735293272	0.170380236049711	1.29011302891671e-11
"HKB0035_3006_T"	0.0155631718875892	7.75268485322708e-15	0.0595785836264064	7.75268485322708e-15	7.75268485322708e-15	0.0126508902988481	0.0603656317924276	0.116804172634893	0.0524889365458288
"HKB0036_3006_T"	6.57606088312919e-15	6.57606088312919e-15	0.0632267951391988	0.0207237143113229	6.57606088312919e-15	0.108524151192654	0.497602564310709	0.0654030879357803	6.57606088312919e-15
"HKB0038_3006_T"	7.34817936560065e-15	0.068762640365006	0.0784846258928689	0.089169372634306	7.34817936560065e-15	0.303634953265579	0.114007632887889	0.0481040646115917	0.0726298386991346
"HKB0040_3002_T"	0.378939562825122	0.000130517719867124	0.343974764984622	0.0510163296039138	4.1021551755141e-15	0.0143614427387941	0.149872895054329	0.00988164118729752	0.00425494508070805
"HKB0044_3006_T"	0.0255361051888505	0.0415370702755696	0.315495080209829	5.86170347089035e-15	5.86170347089035e-15	0.0201963119780045	0.259519187385038	0.000202238818441945	0.0469836066938351
"HKB0049_3006_T"	0.0579821035870431	0.147851739900242	0.0491630387296351	0.22250538508123	0.0337649929406155	0.232025296529096	0.0152931463097241	0.0682867014859077	0.0936421211143287
"HKB0050_3005_T"	0.15804121162415	7.49045429557388e-15	0.291630541829161	7.49045429557388e-15	7.49045429557388e-15	0.00562227389906464	7.49045429557388e-15	0.0186516187623971	0.073967622092748
"HKB0052_3000_T"	0.200302792663439	0.0649630260182411	0.0457280242579426	1.08204501972075e-14	0.0777859819043827	0.131773055511761	1.08204501972075e-14	0.0443596808338051	0.160706163624346
"HKB0054_3000_T"	0.357291598075728	0.108138301358345	0.172689242116718	0.0536149096125807	0.00309496323677317	0.0511745382893609	0.0264686131559406	0.0356777796883649	0.0790691418665738
"HKB0056_3002_T"	5.56845523291552e-15	5.56845523291552e-15	0.237149485022915	0.0595866672601687	5.56845523291552e-15	0.0369775657462116	0.358798898637789	0.0860717133112783	0.0210330050159842
"HKB0064_3004_T"	0.0988135980974798	0.329211307868083	0.0359042839796949	0.327187712939454	5.86660195663831e-15	0.00773444097331948	5.86660195663831e-15	0.0351062267258749	0.114789868600463
"HKB0065_3006_T"	5.41733563937401e-15	5.41733563937401e-15	0.143206590173064	0.0279874475442719	5.41733563937401e-15	0.0623618423599215	0.494691328660704	0.0182454903994371	0.0399242044916224
"HKB0067_3006_T"	0.145405937829076	0.229267774779434	0.102718181262634	0.0937990740536398	7.1207846548278e-15	0.0500224723817939	0.00197046474445961	0.0587168485058506	0.141884306510674
"HKB0069_3000_T"	0.163989410793167	0.069848801071413	0.322047919931841	0.0189528316544581	6.68984703295614e-15	0.05551398429871	0.131885491147251	0.065110077698114	0.0390406527303199
"HKB0070_3002_T"	0.0666722690545811	0.147253673811084	0.0989138116078082	0.0914285047604718	8.11065409366915e-15	8.11065409366915e-15	0.000204169570406415	0.0273829987452325	0.146893358253446
"HKB0074_3000_T"	0.448965077317895	1.85021688006796e-06	0.064940854842361	0.0164465457839864	0.0543215543292123	0.0577205415386868	0.0153640728310992	0.033970896364221	0.149317215443224
"HKB0078_3000_T"	8.1528472655646e-15	0.00931113115521964	0.00571828379173542	0.00751380078460816	8.1528472655646e-15	0.111760391669138	8.1528472655646e-15	0.115381665775392	0.0598631006241218
"HKB0079_3006_T"	0.086477438138922	0.0717498680503787	0.310875905025745	0.0263018851848792	6.14793699495135e-15	0.0604780574740395	0.194807415539226	6.14793699495135e-15	0.0118633956829373
"HKB0080_3006_T"	7.73916084569172e-15	0.0623132412571858	0.00325163840138516	1.69525858902868e-08	7.73916084569172e-15	0.018462342054084	7.73916084569172e-15	0.113498975157102	0.120872347814866
"HKB0082_3006_T"	0.0487025061159912	8.01841726277382e-08	0.375730642830468	0.0058780492119633	6.0399801832162e-15	0.0377948095557641	0.288059471470424	0.0166593374589857	0.00353769462581935
"HKB0084_3000_T"	6.70291971984171e-15	6.70291971984171e-15	0.276057331368088	0.0072252702077798	6.70291971984171e-15	0.126118866424897	0.294056020978387	0.0701970854489681	0.00115619609239378
"HKB0086_3006_T"	0.0228917046489647	0.15755790355438	9.07640350340249e-13	0.118500238876094	8.49494011564318e-15	0.179221423523905	8.49494011564318e-15	0.164292666130385	0.156529505110105
"HKB0088_3000_T"	0.0554312592815589	0.103024538436451	0.15923916592346	0.0452001278547401	8.56709140406592e-15	0.181456382868565	8.56709140406592e-15	0.0924019301103084	0.210190809061143
"HKB0089_3001_T"	0.0614428587704678	0.333394492102779	0.149447653858386	0.000750833053287916	7.14880263909471e-15	0.0906625217816594	0.0126966245548284	0.0354324013001197	0.0257574785528823
"HKB0091_3001_T"	0.0452163869075912	0.0360822920960961	0.321354703582619	0.0333151948872523	5.17840950912278e-15	0.0539805287904514	0.359880597914814	5.17840950912278e-15	0.0329265207000975
"HKB0092_3000_T"	7.64174902158042e-15	7.64174902158042e-15	0.0224262813429519	7.64174902158042e-15	7.64174902158042e-15	0.0911265013928155	0.154717987349383	0.149826550725529	0.132416494136229
"HKB0094_3006_T"	0.133284078705361	8.80216217729859e-15	0.0854379604544633	8.80216217729859e-15	8.80216217729859e-15	8.80216217729859e-15	0.000380105466630617	0.08868021936728	0.103047602117253
"HKB0096_3001_T"	6.35920704766816e-15	0.0160088839657819	6.35920704766816e-15	0.00129764036872563	6.35920704766816e-15	6.35920704766816e-15	6.35920704766816e-15	6.35920704766816e-15	0.0448933702330553
"HKB0097_3000_T"	0.0123731797690892	9.35360649746095e-15	0.00632339904246606	9.35360649746095e-15	0.000397397971206483	0.0119255518111781	0.0207277937546133	0.00285005894099928	0.0229169943251747
"HKB0098_3005_T"	0.119694877099296	0.0835070836460548	0.295593468118495	0.00523537514407497	7.70727995408738e-15	0.146031978352926	7.70727995408738e-15	0.0636250497685892	0.0768883937344095
"HKB0100_3006_T"	4.35175175070364e-15	0.0103285598943091	0.0267599137858436	4.35175175070364e-15	4.35175175070364e-15	0.05201537619701	0.000308457243131908	4.35175175070364e-15	0.0637778206829243
"HKB0101_3000_T"	0.0854173504796997	0.0738690832167806	0.0407401734582073	1.03254949843942e-14	1.03254949843942e-14	0.266387668919578	0.019308193505241	0.121788117961456	0.0923327262737144
"HKB0102_3006_T"	0.0104178949585245	0.284647014970336	0.00862913540018392	0.0368789939013128	9.8331715315617e-15	0.0866690305103638	0.00382806877729177	0.0764404535626912	0.107252985821752
"HKB0104_3006_T"	4.5778084452819e-15	0.00594729259558052	4.5778084452819e-15	4.5778084452819e-15	4.5778084452819e-15	4.5778084452819e-15	4.5778084452819e-15	0.0795909525124322	0.0523164610228554
"HKB0106_3006_T"	8.05395523194799e-15	8.05395523194799e-15	8.05395523194799e-15	8.05395523194799e-15	8.05395523194799e-15	0.0223808863958746	0.0774610961553426	0.0289444152619794	0.0186176425085082
"HKB0108_3000_T"	5.70867923244868e-15	5.70867923244868e-15	0.00488291711999111	5.70867923244868e-15	5.70867923244868e-15	5.70867923244868e-15	6.85659565946197e-05	5.57325342538559e-07	0.101522496782327
"HKB0109_3006_T"	8.30544114930602e-15	0.0175104609177249	0.0582314397101674	8.30544114930602e-15	8.30544114930602e-15	8.30544114930602e-15	0.00512959631157161	0.0485262163337773	0.0161357673404525
"HKB0115_3006_T"	0.0638406787094236	9.56149099572557e-15	0.0531290759029056	9.56149099572557e-15	9.56149099572557e-15	0.0471472664514076	0.0286076557835292	0.0770508257473085	0.042994428512796
"HKB0120_3000_T"	0.216647714540325	0.167627505084553	0.0572405800866529	0.200882900972992	0.153448261709603	0.118932640744771	0.0211549061402841	0.0307300685887662	0.0265240398509532
"HKB0121_3006_T"	0.00117644004673692	7.56558690358945e-15	0.0938652104614221	0.0258033076670903	7.56558690358945e-15	0.00256679213041344	0.00839978834669108	0.0264515396576392	0.0487330703807442
"HKB0123_3006_T"	8.81978248934362e-15	0.156236775631137	8.81978248934362e-15	0.0284556651528617	8.81978248934362e-15	0.115165005729016	8.81978248934362e-15	0.062118613880297	0.0162643826203923
"HKB0124_3003_T"	9.63949182920306e-15	0.00303308422344456	9.63949182920306e-15	9.63949182920306e-15	0.0126336112224196	0.0259228026973524	9.63949182920306e-15	0.123280590647841	0.10493544040165
"HKB0125_3006_T"	5.38114104570512e-15	5.38114104570512e-15	5.38114104570512e-15	0.0355835615402075	5.38114104570512e-15	0.0597347531934641	0.28243337693086	0.0681109694002164	0.0979983336802829
"HKB0127_3006_T"	0.204019204536984	0.1298587406748	0.0340300558802749	0.0326422065275705	8.0974700073146e-05	0.00391277534784832	0.00247270953656073	8.75118575486273e-15	0.0374766924791522
"HKB0129_3000_T"	0.304739049933779	1.04964050121731e-14	1.04964050121731e-14	1.04964050121731e-14	0.171490655100846	0.0219912316506629	0.0321612670519925	0.0540794122863512	0.163133050466227
"HKB0132_3006_T"	0.0333035323772103	8.16176331632125e-15	0.0193611879522348	8.16176331632125e-15	8.16176331632125e-15	8.16176331632125e-15	0.0801068057121234	0.0626745069571382	0.00668148156455139
"HKB0134_3006_T"	0.0415810370238966	0.0445974631984539	0.24555338216222	0.0918474013287621	5.41078637827162e-15	0.0628883042672108	0.403181523561034	0.0157390965210515	0.0128906749991972
"HKB0137_3002_T"	0.00371594796065796	0.0688683890506484	0.282917109179602	0.0439995270325222	7.40039059438054e-15	0.0310226001926467	0.00185899185311228	0.0821090979402738	0.0626820766053315
"HKB0141_3006_T"	0.0144751186081339	0.0578796246791565	0.00385872400009688	1.15514557936874e-14	1.15514557936874e-14	0.0593773288983601	0.0186045456133534	0.0796482472437897	0.118689873297608
"HKB0143_3006_T"	0.0418295519209863	0.192096617760296	0.150787610939467	0.172230486296955	0.00138215353333461	0.164340134678229	0.0297895779975298	0.151288104330673	0.00317908387657352
"HKB0147_3000_T"	2.54044717328788e-05	0.0503481283035864	0.00246712015516182	6.8067469569795e-15	6.8067469569795e-15	0.0607047835581085	6.8067469569795e-15	0.0583336250547656	0.0538083889465859
"HKB0150_3006_T"	4.16334209846325e-15	4.16334209846325e-15	4.16334209846325e-15	4.16334209846325e-15	4.16334209846325e-15	4.16334209846325e-15	0.000326836311914847	0.0168129111463335	0.0450036041826373
"HKB0155_3000_T"	0.207688136808929	0.0446920322151375	0.123552721432914	0.0735311971869978	0.0324365582945807	0.145646349757397	8.95008014599524e-15	0.0663359090977002	0.0643985093421004
"HKB0157_3006_T"	0.00785909465291932	7.9556714503102e-15	0.0190778244677532	7.9556714503102e-15	7.9556714503102e-15	0.0472240668767984	0.376526126928835	0.0427392937582389	7.9556714503102e-15
"HKB0158_3006_T"	0.113351090439199	0.155020811172759	0.112544653217128	0.0876890199458498	0.0109475606053807	0.200330652472921	1.03302900993057e-14	0.134195793356562	0.103518296266775
"HKB0159_3006_T"	7.49192650957847e-15	0.0328085468447957	0.0817570485280126	7.49192650957847e-15	7.49192650957847e-15	0.0445369318406665	0.0231337227622747	0.271160268703032	0.066865648943734
"HKB0160_3000_T"	7.26254173455459e-15	0.0236668446120079	7.26254173455459e-15	0.0203868704156486	0.435501436280328	7.26254173455459e-15	1.2527351092949e-14	0.00446888116443392	0.0130999717945
"HKB0161_3001_T"	0.152290085522837	0.0178546778965854	1.04342561614232e-14	0.0469215293341598	0.0633672662700175	0.263548944975164	0.0993991023216136	0.141616167691057	0.0211804794174035
"HKB0162_3006_T"	0.138100281063273	0.241601701215459	0.0842890543526103	8.24190324808103e-15	0.00136687144472485	0.052995151730004	0.181115210887718	0.135253231029725	8.24190324808103e-15
"HKB0164_3006_T"	0.13629161179378	0.245002732818717	0.0675524861653651	0.0732739717386844	0.00997321055745874	0.155727765313108	0.0116089419135195	0.167342702823605	0.10348609785084
"HKB0167_3006_T"	0.153768528972981	0.0190003939101555	0.514032807993406	0.145986663647834	4.47256613264763e-15	0.0606885415464615	0.0505972378286911	0.0300940199009978	4.47256613264763e-15
"HKB0168_3006_T"	0.0105959465138226	9.60309658951516e-15	9.60309658951516e-15	9.60309658951516e-15	5.92083046160923e-05	0.109281323155502	0.13258002369096	0.0947686182214914	0.152852971308905
"HKB0179_3006_T"	0.00221728339664849	0.0848978872523586	0.0938495509412058	0.0341933054425642	9.73768061286461e-15	0.161976834973514	9.73768061286461e-15	0.316451135468785	0.0814833983062323
"HKB0182_3006_T"	0.00714277814243768	7.11642738886041e-15	0.0242174106720887	0.0627636053987091	7.11642738886041e-15	0.181827327335141	0.227688380592693	0.170841892557107	0.039663596300184
"HKB0186_3000_T"	0.291552961092272	0.108497790776967	0.0621329193556062	0.179840914721889	0.131035345376759	0.177494092956631	0.00742173166673183	0.00890652313518519	0.010518970114346
"HKB0191_3001_T"	0.0604246045528247	0.165376848052083	0.181603023590286	0.0034397740076969	7.46575835155942e-15	0.209656139586882	0.00721651111633955	0.155366802842758	0.0214003449528339
"HKB0194_3006_T"	0.142210619819781	6.24594396066923e-15	0.33662226762291	0.0177421116712757	6.24594396066923e-15	0.0322678118522423	0.0753590091037829	0.155171707158624	0.0386244280653754
"HKB0196_3006_T"	9.05451504381317e-15	0.0328005669265374	0.0172099915590281	9.05451504381317e-15	9.05451504381317e-15	0.0359049278757242	0.0199682148952061	0.312715285200094	0.00715023548784922
"HKB0207_3001_T"	0.218598156397401	0.119827320063324	0.111103617302584	7.87930073252727e-15	0.124628130700368	0.128767494264304	2.89361750499351e-09	0.0653203822914867	0.0206149004370208
"HKB0208_3006_T"	0.0534094558318441	0.0463340715362244	0.0374141532912499	8.95962878206408e-15	8.95962878206408e-15	0.30900128241062	0.0516299666420637	0.161326229462391	0.1261042132503
"HKB0209_3004_T"	6.89174873425805e-15	0.129901821932019	0.144072385061079	0.0534239714296276	6.89174873425805e-15	0.280248401743291	0.0560272636296299	0.162140336609228	0.0727287105618506
"HKB0210_3006_T"	5.63896791630952e-12	0.00300527294524706	0.0698795028437792	0.0053076647579482	4.88291182374865e-15	0.0233713936539352	0.259248189755252	0.118120289361695	0.248396957869295
"HKB0211_3002_T"	0.0166656930180063	4.21711557414506e-14	0.052645005741998	0.000783190132631603	6.80300552460972e-15	0.0727365620999989	0.514770937830248	0.106917679112737	0.0795446609921292
"HKB0214_3006_T"	0.130604592326923	0.0745945336979683	0.0766992044868486	1.60964025703071e-12	9.59773835510973e-15	0.0823056329993012	0.0833057145291546	0.201762722287093	0.029144918910351
"HKB0217_3005_T"	6.69617890439634e-15	6.69617890439634e-15	0.00103368940808868	6.69617890439634e-15	6.69617890439634e-15	0.0326820293576908	0.124377443562135	0.104983097238358	0.0435847132812015
"HKB0219_3001_T"	9.39294311288323e-15	0.118987198397367	0.00459376657992694	0.0100299408673029	9.39294311288323e-15	0.127962601133058	0.00217688029276693	0.125778572160814	0.0693060557538616
"HKB0220_3000_T"	0.292552888489113	7.45062336775541e-15	0.264112703418699	0.0837880951106281	0.0378280746092603	0.0893952324403463	0.00304366278238092	0.0788649287324096	0.0702405795442162
"HKB0221_3001_T"	0.0648436735994824	0.117439614504864	0.188195568506346	0.0695639909612299	8.87591408683658e-15	0.127738846382337	8.87591408683658e-15	0.109820160309406	0.104104192636709
"HKB0222_3006_T"	0.0211221161629292	0.176119171403638	0.0312509790738436	0.0534099494031043	8.16397898043865e-15	8.16397898043865e-15	0.00489060425392833	0.198952479255161	0.0796923331855325
"HKB0225_3001_T"	6.38248105778736e-15	0.00741244876415156	6.38248105778736e-15	6.38248105778736e-15	6.38248105778736e-15	0.0656692729803345	0.000140874423401999	0.187767347395259	0.0366457847182237
"HKB0226_3001_T"	9.0066497314442e-15	0.118934577186123	0.0355185718224354	9.0066497314442e-15	9.0066497314442e-15	0.104123730030809	0.00561488104272981	0.152238521782295	0.121601558905247
"HKB0227_3006_T"	0.0446833218103824	0.140157060244724	0.115750316956505	0.0558723437428308	6.70409588915023e-15	6.70409588915023e-15	6.70409588915023e-15	0.090541451069382	0.127050956792147
"HKB0228_3002_T"	0.00160441578306979	8.81842770121177e-15	0.0320625027831534	0.0771279601361283	8.81842770121177e-15	0.0207749963782051	0.0531639673978329	0.0799272117062414	0.111018230263833
"HKB0230_3006_T"	8.51310064734761e-15	0.0999787909000126	8.51310064734761e-15	0.100053843286909	8.51310064734761e-15	0.0427072034453327	8.51310064734761e-15	0.12753948890624	0.184365321093216
"HKB0232_3000_T"	5.70113096965282e-15	5.70113096965282e-15	5.70113096965282e-15	5.70113096965282e-15	5.70113096965282e-15	0.128339515070791	0.0268050436458174	0.109360946472571	0.0672314508740456
"HKB0233_3006_T"	0.00505646959212683	3.30816014351145e-15	3.30816014351145e-15	3.30816014351145e-15	0.00666197377425389	3.30816014351145e-15	0.0665194228920544	0.0288963793609051	0.00763919239116636
"HKB0540_3000_T"	7.33719076481613e-15	0.0691724254534775	0.056521949441782	7.33719076481613e-15	7.33719076481613e-15	0.00537757423440072	0.00955662361048332	0.23379747102202	0.105992100213929
"HKB0552_3000_T"	0.00592947692039067	0.035372061408095	0.000222425813121638	0.0477395051479256	0.13701923387889	0.0550158306894693	1.23107656332818e-14	0.161559140052991	0.0944033203236931
"HKB0558_3000_T"	0.0170973619970764	0.0233994541993037	0.0491311846745494	9.88042669089676e-08	1.04740634944518e-14	0.148230404125157	0.035985394547771	0.318783802258331	0.0740296849742396
"HKB0564_3000_T"	0.0497001733907471	1.06295930929557e-14	1.06295930929557e-14	0.000791717169340551	1.06295930929557e-14	0.191298414465022	0.0258331267513927	0.272788921858818	0.11248765096728
"HKB0573_3000_T"	0.341373353126804	7.5530990852227e-15	0.170227926242282	0.0858980113672341	0.0339575769222245	0.090191458864679	0.134749917720965	0.055569724567949	0.0434945775060244
"HKB0576_3000_T"	0.042293137718646	0.110611886324213	0.131514374943748	0.246424518896494	5.68729087402497e-15	0.270699253439174	0.00544037722659298	0.128630162612715	0.000389640588157081
"HKB0579_3000_T"	0.297995524310839	1.17947233257299e-05	0.136344746775848	0.0323344814760626	0.0091826340962655	0.171453618219841	0.021231029558718	0.170850276522944	0.0995926229039334
"HKB0585_3000_T"	6.44980383291042e-15	0.0272679250005058	6.44980383291042e-15	0.00262059415777639	6.44980383291042e-15	0.0271640047051519	0.0161543776092791	0.0329573606186818	0.157467643225782
"HKB0599_3000_T"	7.21265597517909e-15	0.0793477238288018	0.148263450710217	7.21265597517909e-15	7.21265597517909e-15	0.107864081324629	0.00473715203252731	0.39909293377466	0.00331171059288894
"HKB0605_3000_T"	0.0511611057950646	0.0652567937229561	0.17842305998368	9.65353360201933e-15	9.65353360201933e-15	0.0805827608648436	0.0379911468123406	0.164324678973185	1.07480751077165e-09
"HKB0620_3000_T"	0.0565470848275169	8.69610723576362e-15	0.0171350152863171	0.000402983848768771	8.69610723576362e-15	0.00318438449882175	0.152044137588824	0.101169553106543	0.096920924790236
"HKB0626_3000_T"	6.10168337627503e-15	6.10168337627503e-15	0.0162604697466524	6.10168337627503e-15	6.10168337627503e-15	0.00557393566974439	0.225198300742702	0.00552249170837124	0.0580197195380742
"HKB0629_3000_T"	6.66266325384837e-15	0.133035657707567	0.0149294125980248	0.0111301683130057	6.66266325384837e-15	6.66266325384837e-15	0.00431465923434741	0.0727968337197502	0.0512173089296423
"HKB0638_3000_T"	0.00173072559675031	0.0539172554473823	3.3942055908701e-08	8.10558782695858e-15	8.10558782695858e-15	0.165532699863862	0.0319447902868024	0.258618166339068	0.0748785296081946
"HKB0644_3000_T"	4.87293670730253e-15	4.87293670730253e-15	0.00494522669587031	4.87293670730253e-15	4.87293670730253e-15	0.00354521878570358	0.411945743776404	0.0292827629270703	4.87293670730253e-15
"HKB0650_3000_T"	0.139748437162466	1.08609579104609e-10	0.106584765938347	6.93176488515648e-15	6.93176488515648e-15	6.93176488515648e-15	0.178845768283975	0.205169276600239	0.0168392180513851
"HKB0653_3000_T"	0.00176488603549789	3.42678557277086e-09	0.0692690672383476	8.2996865786343e-15	8.2996865786343e-15	0.107479158454224	8.2996865786343e-15	0.175360923427993	0.0578101492547028
"HKB0656_3000_T"	8.68439358099144e-15	0.0257424856711633	8.68439358099144e-15	0.0466171567368838	8.68439358099144e-15	0.0224941921362558	0.00573112223964736	0.183762563478365	0.031047148163611
"HKB0659_3000_T"	0.15989563136162	4.23263535823969e-15	0.267631542105787	0.0509474381646604	0.000252700115871962	0.00851873260507664	0.4112560836168	3.79350871044318e-12	0.00311314933544062
"HKB0665_3000_T"	8.22382898731018e-15	0.0176431400317473	0.000503495995450451	0.00881850278435435	8.22382898731018e-15	0.373262784098394	8.22382898731018e-15	0.178590176847235	0.00501106788259203
"HKB0668_3000_T"	0.0239240193215951	0.151628465181348	0.0938263441871831	7.73907584241375e-15	7.73907584241375e-15	0.118210132915591	0.108673828124417	0.15494783653781	0.128168124849608
"HKB0674_3000_T"	0.324221155532954	5.20106236111333e-15	0.364698541965479	0.030520862171871	0.0185827166807728	0.128465109160401	0.0385517835537008	0.0416117340728976	0.0176116371759123
"HKB0677_3000_T"	6.53965460708896e-13	0.05298339277884	0.00124207741533993	0.069428322521031	7.20219487434251e-15	0.0321894591574395	0.480180547984566	0.0248747254679081	7.20219487434251e-15
"HKB0683_3000_T"	0.124036818988933	0.00579933330206806	0.178459794883455	8.75977780029629e-15	8.75977780029629e-15	0.00645826236499999	0.0252391965955954	0.000329820466914473	0.0127403199725685
"HKB0692_3000_T"	0.00233819162873608	0.002551692871416	5.92889646352596e-15	5.92889646352596e-15	5.92889646352596e-15	0.122380504047689	0.0970434311506542	0.0576480239928069	9.73170037744766e-11
"HKB0698_3000_T"	0.0167428682162492	0.07221648320948	0.0622030058954714	0.0465016115939378	8.0531777652977e-15	0.185079777013236	0.00878488057797163	0.190443106623799	0.085015461171393
"HKB0701_3000_T"	6.73167132494601e-15	0.126217431982755	0.0729459011778629	0.124138330251018	6.73167132494601e-15	0.387928623346574	0.000141341707577709	0.112938931831526	0.0173615021635399
"HKB0704_3000_T"	5.3679702680016e-15	0.0235245121333212	0.0188929136125089	0.0270043531295389	5.3679702680016e-15	0.0013661822711305	0.0324936587643346	0.150209172495239	0.00481767328864165
"HKB0710_3000_T"	0.0586090964717213	0.0293414867087513	0.419641641495895	0.0318762530148513	4.73645398593691e-15	0.0226346741940961	0.245995834184741	0.0171818575172485	0.00905636578331205
"HKB0713_3000_T"	7.03063482284026e-15	0.0455813849646943	0.00882730906820213	7.03063482284026e-15	7.03063482284026e-15	0.067277766617029	0.00372811943547754	0.164841199821888	7.03063482284026e-15
"HKB0718_3000_T"	0.0700346251375461	6.04747767022458e-05	0.384971243176852	0.0661379205006243	0.000799499809012389	0.0614294034508146	0.133122970700571	0.138492585343574	0.0279490276300495
"HKB0719_3002_T"	0.105342991818071	0.0170187893497349	0.00258176915836635	1.08449187672273e-14	0.0492975700212533	0.0862202935497993	0.123066671672578	0.0181233336383372	0.0703818588977105
"HKB0721_3000_T"	0.00109844501517161	7.61389317083984e-15	0.0371298917772867	0.00689328240285253	7.61389317083984e-15	0.0361108277570645	0.115295963282506	0.207430082512444	0.0822007784974107
"HKB0722_3002_T"	0.00508881810827988	0.118204875052076	0.157994288402907	8.51462695624916e-15	8.51462695624916e-15	0.0987657730892038	0.0703215739147418	0.101566970738062	0.0804291000489724
"HKB0726_3000_T"	8.32965450789133e-15	0.12845976293873	0.00926500405621957	0.00663827781230819	8.32965450789133e-15	0.0109083246185323	0.0360628547425215	0.225119255131346	0.0591753702628217
"HKB0734_3000_T"	8.66579546658834e-15	0.00070965790628892	8.66579546658834e-15	0.00583084229214678	8.66579546658834e-15	0.139769253802088	0.0144272235290838	0.0855870281353117	0.150793392536424
"HKB0736_3000_T"	0.428215334301312	5.08772064576375e-15	0.321428522591608	5.07486138490136e-10	5.08772064576375e-15	0.0035187001369515	0.0132516672574202	0.0519528683273795	0.0805373732375084
"HKB0737_3000_T"	0.088606262251083	0.0212775851405905	0.139463398247649	0.0254423174206479	0.000801110279510955	0.35232276541877	0.0101766765609392	0.165790525308121	0.0028384041969542
"HKB0744_3000_T"	7.18900916882332e-15	0.0621429701298198	7.18900916882332e-15	0.0211556651537586	7.18900916882332e-15	0.153553222830481	0.0523055960887147	0.0544109478611757	0.0864065591781273
"HKB0748_3000_T"	0.0378182555562427	9.02731543138647e-15	0.0826313026822283	9.02731543138647e-15	9.02731543138647e-15	0.0489327136189215	0.0322081413008553	0.307927001917051	0.0906831743454019
"HKB0750_3000_T"	0.0231192900039633	0.0678596281654163	0.0340313293030082	0.0393804609278854	7.10261263577909e-15	7.10261263577909e-15	7.10261263577909e-15	0.0818296550491079	0.0793909676893169
"HKB0751_3000_T"	0.310705234274407	0.00250119720927014	0.314150242672608	0.0136880036871599	0.0110556516501994	0.0221654301237763	0.0630185230949047	0.0610903167554794	0.0587652446350792
"HKB0752_3000_T"	0.11896777244986	0.169860158430897	0.388620032733085	0.0114488724545497	5.86745884072772e-15	0.0207057058867248	0.0216496862158548	0.113332288741789	5.86745884072772e-15
"HKB0004_3000_N"	0.0957635768260647	0.0340864588755615	1.17928938349601e-14	1.17928938349601e-14	0.2365193056336	1.17928938349601e-14	0.0422210722584342	1.17928938349601e-14	0.196604838030679
"HKB0005_3000_N"	0.0616199386719172	0.115227154747679	1.04895114718767e-14	1.04895114718767e-14	0.148142186149206	0.0210555891643194	0.156731357362566	0.0762661527442243	0.0780789609428213
"HKB0006_3000_N"	0.0759560664688456	0.0054985430181288	1.06166200321851e-14	1.06166200321851e-14	0.225641112272099	0.00689686761257382	0.0847226561239578	1.06166200321851e-14	0.224640315599342
"HKB0019_3000_N"	0.0211153140294055	0.0265370642458824	1.02562696261329e-14	0.0206945393636774	0.502177113352862	0.000670384999601546	0.0809073932910515	1.02562696261329e-14	0.112607593417067
"HKB0023_3000_N"	0.0634499184633878	0.0548910188998553	8.85927670192805e-15	0.0963219970665248	0.484896244344984	0.00195596016369281	0.0230419177298348	8.85927670192805e-15	0.080574698247943
"HKB0033_3000_N"	0.0310897294403355	0.123348782354622	2.81520249296296e-08	0.111020167460916	0.532594748393641	0.00710287029407449	0.0497223605425387	0.00957015691550585	0.0517196359598771
"HKB0035_3000_N"	0.026728132607034	0.0104164199888229	1.09071039693735e-14	1.09071039693735e-14	0.160065893531771	1.09071039693735e-14	0.0969177040732412	1.09071039693735e-14	0.142113961001912
"HKB0036_3000_N"	0.0325175942923037	0.112956699110363	1.12171906135082e-14	0.00641288152407682	0.22232601994564	0.00216053272154901	0.109151809381846	1.12171906135082e-14	0.147467933557994
"HKB0038_3000_N"	0.10134960891102	0.248517048307772	0.0114654331329398	0.041616980711442	0.15428955341412	9.67512475446366e-15	0.109515569977677	0.0146637234188149	0.16143654530493
"HKB0040_3000_N"	0.151222716329413	2.8035780205735e-06	0.0674117466911937	0.0154181453431625	0.348746530796049	0.0272655679505096	0.0254331036300172	0.0248347224698873	0.259482789914331
"HKB0044_3000_N"	0.0229797676774067	0.00235618973294572	1.0691275944911e-14	1.0691275944911e-14	0.103181404184818	1.0691275944911e-14	0.140463133108621	1.0691275944911e-14	0.203409634879598
"HKB0049_3000_N"	0.128258019518884	0.136314827557271	7.15906398185355e-06	0.248033077180333	0.3834544110545	0.081571144358673	0.00495667438713374	0.00849553505646229	0.000455369500706759
"HKB0050_3000_N"	0.0609252656082189	0.0214614721758918	1.13684006397796e-14	0.0188995664655481	0.360234965727618	0.00683658617684245	0.104439243296658	1.13684006397796e-14	0.15586287468221
"HKB0052_3004_N"	0.109029766896356	0.0561428295814208	0.0334141205465818	0.149253840102356	0.451883306457914	0.0420379362641124	0.0604707506294415	0.00056624382696378	0.0144767741900868
"HKB0064_3000_N"	6.27557369359679e-15	2.15516064224862e-13	6.27557369359679e-15	0.0237912371176549	0.361000545361432	6.27557369359679e-15	0.0160640310803167	0.00550262768583721	0.0211188534779242
"HKB0067_3000_N"	0.0767902960295906	0.172004723164011	7.64515562650499e-08	0.24197757117601	0.3448010910119	0.0230004194405198	0.0253109355701136	5.61341122703393e-15	0.0219803566949366
"HKB0074_3003_N"	0.0490673155856955	0.021319434805868	9.7707023591901e-15	0.0818978171082447	0.541208394662401	0.000522791895548464	0.0600494266419177	1.78038505675155e-06	0.057330064530426
"HKB0079_3000_N"	0.0395464891110941	0.0209093315541484	9.29462677556232e-15	9.29462677556232e-15	0.0889489163569481	0.0100283939401815	0.0483630891159014	0.0697365393419126	0.389929334760517
"HKB0094_3000_N"	0.0623799191559945	0.0351082306895324	7.2901413921381e-08	0.0108466068369686	0.486972334200041	1.12404605644913e-14	0.103046871903756	1.12404605644913e-14	0.0489789952162288
"HKB0096_3000_N"	6.82829105169045e-15	6.82829105169045e-15	0.0231660554371553	0.0377983600925705	0.476499666007637	0.00765208169144361	0.0120076991030117	5.68086325652699e-10	0.0693872049344579
"HKB0097_3004_N"	0.0793617568780264	0.0552783449148885	0.00801891295931451	0.227266170479837	0.455375141739467	0.00652304001345815	0.0301943511198123	6.75047900992815e-15	3.06507228808076e-07
"HKB0098_3000_N"	0.0516295672552669	0.0574753208689601	6.9181136284499e-15	0.12625107769843	0.441851802378042	0.00473034136838641	0.010299236699571	6.9181136284499e-15	0.0368376721854748
"HKB0102_3000_N"	0.0449625689205753	0.042465219438481	9.9101137769409e-15	9.9101137769409e-15	0.452915690103166	9.9101137769409e-15	0.0711919125919878	9.9101137769409e-15	0.106776719715724
"HKB0106_3000_N"	0.0223678591781454	0.0406297749815394	6.25840063205595e-15	0.141720731862672	0.438432526999199	0.0159356087781489	0.00740473615741789	6.25840063205595e-15	0.0217266756469899
"HKB0109_3000_N"	0.129637629340354	0.150295884075838	4.80450360074109e-15	0.265227480988264	0.31249235922353	0.0567412321104665	0.0275621090157885	4.80450360074109e-15	0.0263446419976645
"HKB0115_3000_N"	0.0216618723691585	0.0543093049134376	8.49250804097276e-15	0.1472722963828	0.532515694345226	0.0482393207784151	8.49250804097276e-15	8.49250804097276e-15	0.0410800076786902
"HKB0120_3002_N"	0.032261844342116	0.00436581688659286	9.99298798509377e-15	9.99298798509377e-15	0.207614818385103	9.99298798509377e-15	0.109230164039097	0.017334181130021	0.124064579143643
"HKB0121_3000_N"	0.0159711718834596	6.57365837661106e-15	6.57365837661106e-15	0.139363186943514	0.458626656872927	0.0211574955209069	9.17493303822592e-05	6.57365837661106e-15	0.027417308556663
"HKB0122_3002_N"	9.46502658120523e-15	9.46502658120523e-15	9.46502658120523e-15	0.103469596332949	0.470122421526511	9.46502658120523e-15	0.139567175897799	2.63394232918043e-09	0.0678554681783369
"HKB0123_3000_N"	6.52827918394015e-15	0.0428741624902186	6.52827918394015e-15	0.0971748276016857	0.41417720669355	6.52827918394015e-15	0.00435643442341952	0.00334723554336327	0.000313216873942293
"HKB0124_3000_N"	0.00516761342095238	0.0582050394277501	6.33555440647358e-15	0.0620562683511612	0.411113916298865	6.33555440647358e-15	0.0204313576838731	0.00295578433054097	0.0213299476697939
"HKB0127_3000_N"	9.39695556182735e-15	0.0103906081529254	9.39695556182735e-15	9.39695556182735e-15	0.0214164837677769	9.39695556182735e-15	0.155606261081722	0.0010463925930347	0.165970856285403
"HKB0129_3002_N"	0.0393104233333124	0.0332120192973347	7.61716229817302e-08	0.160473216515598	0.452017992394331	0.0237193994402906	0.0652673875170699	6.98441282433114e-05	0.0531854802935219
"HKB0132_3000_N"	0.0249467669313904	0.115150417357395	6.44489652847186e-15	0.204764058774816	0.457651708000018	0.00525846071570966	0.067638459630299	0.00645328637470203	0.0132690265268294
"HKB0133_3000_N"	0.0242068659951197	0.119248142387628	0.0220644494834148	0.160572335132831	0.445395119245276	8.5265494095858e-15	0.0727929655313812	0.0118046664694378	0.078747214852919
"HKB0134_3000_N"	7.62791045068237e-15	0.00509813819304681	7.62791045068237e-15	7.62791045068237e-15	7.62791045068237e-15	7.62791045068237e-15	0.0112623319242712	0.00983627427095392	0.0499492267775386
"HKB0137_3000_N"	0.0401677877663538	4.60109523324504e-07	1.09988467797315e-14	0.0480281332546212	0.314518268971546	1.09988467797315e-14	0.0286122031861819	1.09988467797315e-14	0.145602447135323
"HKB0141_3000_N"	8.73304783942894e-15	0.00311360731739196	8.73304783942894e-15	8.73304783942894e-15	0.0460837319877904	0.00456694734624497	0.0752625901477803	0.0131004931262333	0.086305186767871
"HKB0143_3000_N"	0.0102188790423277	0.00537991958821104	0.00308260442952162	0.0199695167651477	0.543011633005009	0.0128252870878281	0.0590327215393745	2.82419048790143e-10	0.130765939503252
"HKB0149_3000_N"	1.16465585440928e-14	0.0310420791348539	4.95953555103994e-07	0.0195423971771703	0.248006899280759	0.0791430797567754	0.136676602114813	0.0066811105989107	0.0842508977991855
"HKB0150_3000_N"	2.51403074240205e-05	0.149617616488972	0.00759269636436653	0.00066997756171763	0.331559080242316	0.000751675907339466	0.098415823423876	0.0592529909203014	0.107261134519714
"HKB0155_3003_N"	6.62323184434474e-15	6.62323184434474e-15	6.62323184434474e-15	0.0189200701647703	0.381845209859702	6.62323184434474e-15	6.62323184434474e-15	0.000365138112923418	0.0310806153837129
"HKB0157_3000_N"	0.0303672198001129	0.0501309617458992	0.000994572122022423	0.222555590230593	0.408977650054002	0.0512123884896445	0.0217852290652221	5.61932489165707e-15	0.00856935979942329
"HKB0158_3000_N"	0.0715578501612013	0.0607332043402289	9.71705309837752e-15	0.111688474864834	0.425472807610657	9.71705309837752e-15	0.0742802194434905	9.71705309837752e-15	0.00877269000486785
"HKB0159_3000_N"	0.0336668786800588	0.0701259293181077	0.00395686369196031	1.02290116253148e-14	0.423192514083474	0.00560237591935963	0.110570987479909	0.0378854100225374	0.123328226890709
"HKB0160_3001_N"	0.0316255603932189	0.046697443696143	6.34491319871681e-15	0.143863735031834	0.454067683009889	0.0294532419570174	0.0386174651772508	6.34491319871681e-15	0.0115970369148652
"HKB0161_3000_N"	6.63797698294529e-15	6.63797698294529e-15	6.63797698294529e-15	0.074407246054528	0.367190808627579	6.63797698294529e-15	0.00656604527922855	0.00746381107131687	0.00176036653415859
"HKB0162_3000_N"	0.0600675058648698	0.0693006660352792	6.75068765544985e-15	0.241266542587754	0.482495750045843	0.0397203926628864	0.0146857611258304	0.0224217141592207	0.0161455694375582
"HKB0164_3000_N"	1.08846753074442e-14	0.0435872956130467	1.08846753074442e-14	0.0945299724483023	0.251323346263936	0.0203333349697418	0.0990923983681542	0.122471627078917	0.251758771583289
"HKB0167_3000_N"	0.106145763425922	0.054986014110626	0.0695974071099869	0.0855084186070464	0.347846508489462	8.70144084059448e-15	0.17398584683038	0.0275706660044241	0.0526463203339423
"HKB0168_3000_N"	0.0145491117858248	0.0292801484403835	8.5935943671974e-15	8.5935943671974e-15	0.0438973917174487	8.5935943671974e-15	0.0849739988836098	0.0472269294764775	0.134465942451851
"HKB0179_3000_N"	0.0501102907103237	9.50743857167907e-15	0.00191366105470399	0.058131088379451	0.515680357513554	0.00250531831169316	0.0593628486386156	0.0209903356020593	0.0832658666208929
"HKB0186_3002_N"	0.0622460471758837	0.0138597467909876	9.87024726998707e-15	9.87024726998707e-15	0.35416400823453	4.47400988550516e-08	0.0938171635370812	0.0320322843669136	0.198095759771869
"HKB0194_3000_N"	0.0495495895291804	9.95378749545211e-15	9.95378749545211e-15	9.95378749545211e-15	0.175181861645361	9.95378749545211e-15	0.104298126524859	0.00637423230724146	0.115034236040388
"HKB0196_3000_N"	0.0586489977166479	0.0109152014576555	0.0414078204977594	0.0814743890225537	0.523729071587064	0.0216350451459121	0.0730702773821847	0.0235618604345546	0.0984642716609276
"HKB0198_3000_N"	0.125353046766948	0.0509137856699177	0.046534056040756	0.0897363618370263	0.400479206340046	0.0051508983213111	0.030282977103069	0.0840864474198064	0.147151614905915
"HKB0207_3000_N"	0.0450177518481988	0.083091727626063	0.000140925028415395	0.226603735506924	0.403701793407065	0.00221693460680128	5.94819192935403e-15	0.00390741447265876	0.00949243123927498
"HKB0210_3000_N"	0.0205828152241207	0.000488649726953597	0.0697792427155722	0.128960603081398	0.28002160030947	0.0196708342106348	0.233064418117926	0.010693765858819	0.17233103613836
"HKB0211_3000_N"	0.118133950157039	0.00416396145349285	0.139659971634467	0.154909212675615	0.375490293382228	0.0396647845177151	0.0273238246074227	2.62966804400527e-05	0.0103747389796448
"HKB0214_3000_N"	0.068113467787615	0.0740063344799583	0.0168221202043088	0.00763521755664618	0.337132311326001	0.0555037427415521	0.0942226250999886	0.0898708638519032	0.134802501643686
"HKB0216_3000_N"	0.0397540089159769	0.0024061376229745	0.33724091496966	0.110825396210195	4.12196969296093e-15	0.221720024541468	0.238686473429201	0.00257932583110822	4.12196969296093e-15
"HKB0219_3000_N"	0.180155235507031	0.0853264702521194	0.000982279640950169	0.179662209935787	0.416227057491247	0.0149060403742588	0.0299155866171112	0.0170355135690696	0.0373485312189227
"HKB0220_3003_N"	0.0807691258532647	0.123881892904386	0.114386998757333	0.314808113257836	0.255529405863009	0.0100321980082966	0.0401907295180874	0.00366888034161631	0.00603574836717762
"HKB0221_3000_N"	0.105029001127585	0.0472003663113384	8.01429513886992e-15	0.0791987647131912	0.462084403715228	0.0169346656288972	0.0608853638006457	8.01429513886992e-15	0.128506719016805
"HKB0222_3000_N"	0.0671119930476191	0.108223046148699	8.8359748519441e-10	0.224499976381176	0.354206861144026	0.0672734504123677	0.079909270274546	0.0531397520770659	0.0440839895230008
"HKB0225_3000_N"	0.0590353566453335	1.04736426483153e-14	0.00859783638071613	1.04736426483153e-14	0.0936597203850075	1.04736426483153e-14	0.0991610225708999	0.10719172407953	0.186632829806763
"HKB0226_3000_N"	0.000140788445276722	0.105623183779422	5.98971826118741e-15	0.184568050329966	0.3880808535645	5.98971826118741e-15	0.0413777763477726	0.00239321298752281	0.0158314942523982
"HKB0227_3000_N"	0.0211861146816559	0.0755844195075873	7.85853251654645e-15	0.135568715414887	0.485760835760825	0.00504817168946044	0.0392819956036644	0.0161682651750678	0.0907166758804828
"HKB0233_3000_N"	0.0179440658490571	0.0861864868712818	1.08245592308006e-14	1.08245592308006e-14	0.055030088816276	1.08245592308006e-14	0.204944741293055	0.05040856150051	0.205756432314855
"HKB0538_3000_N"	0.0936901449270815	0.00763624753332349	8.79176144397068e-15	8.79176144397068e-15	0.119877405068498	8.79176144397068e-15	0.0989060311165772	0.121710645397787	0.167895685668307
"HKB0562_3000_N"	0.0256391268342923	0.00515898834487014	9.35747935305188e-15	9.35747935305188e-15	0.0631223196061101	0.00700872428317784	0.153753542061299	0.10933664538977	0.21203546730774
"HKB0571_3000_N"	0.0462913343087056	0.0288182689800746	6.88309156916079e-15	0.169365339146383	0.480723233245734	5.84396238973089e-07	0.0512018395107788	0.0555381877006247	0.0482598372794348
"HKB0574_3000_N"	0.0834150497011619	0.0704389498834601	5.51547982490453e-15	0.254788271396854	0.397777886552086	0.0164553603126379	4.38404903132649e-13	0.0404034639119715	0.0239043910365342
"HKB0577_3000_N"	0.0834465568828136	0.0296414052517226	0.0433353809164999	0.151549343417299	0.472967281319145	0.0945924621156425	0.0291652777628424	0.0382660605886063	0.0317440035340293
"HKB0583_3000_N"	7.58341080062229e-15	0.0176302427980807	7.58341080062229e-15	0.0760235361885189	0.439419948938061	7.58341080062229e-15	0.0503432824959401	0.0187639349682368	0.0386952470318812
"HKB0597_3000_N"	0.0746738633287715	0.0350816866221034	5.28781855024787e-15	0.245168794735258	0.421823011973218	0.0106140703752708	0.0791541185439767	0.00876378652797897	0.0418017219995434
"HKB0618_3000_N"	0.0553672174469943	0.0404571626936643	2.50326276062822e-14	0.240410799156582	0.429946044723908	0.00151513295398021	0.0339983398432548	0.0182020010023445	0.00399328214211254
"HKB0636_3000_N"	0.0924568750823453	0.0667089373427448	0.00853696911673899	0.143200560773478	0.275328997945057	7.92195971471655e-15	0.117639035858791	0.0863090670234604	0.0549029625909057
"HKB0648_3000_N"	0.175775698471214	0.162604832229789	0.00215328662224185	0.246052934267165	0.238384050638923	0.0206970418274008	0.0779227888653715	0.0133103575129347	0.022221488295739
"HKB0651_3000_N"	0.0899018159929222	0.00166889757689613	8.86443837424594e-15	8.86443837424594e-15	0.0966328333723068	8.86443837424594e-15	0.0213366135986658	0.0263662362527138	0.0438371045306646
"HKB0657_3000_N"	0.0200702802518509	0.00924674646891508	9.73215058266936e-15	1.40411908628697e-08	0.310669275090402	9.73215058266936e-15	0.182028531447123	0.0359337574384814	0.0290202877621314
"HKB0663_3000_N"	0.0191940016741898	0.0499826622593197	9.49686183342016e-15	0.221820590517751	0.444562854488806	0.0110369854690113	0.0184166945501645	0.0387377808013992	0.0300863691750295
"HKB0666_3000_N"	7.70973590090054e-10	8.11328310186277e-15	8.11328310186277e-15	0.0477906038831316	0.464784175098516	8.11328310186277e-15	2.45020024241476e-13	0.0202643257369625	0.0317565437940074
"HKB0672_3000_N"	0.111843769754541	0.0186104109025256	0.0572829746659925	0.297699019578113	0.349222081933363	0.0032517028434567	0.0620107499317723	0.00931401068315997	6.95591468631921e-15
"HKB0710_3001_N"	0.0352273145712509	2.05409842052642e-05	0.012379859498762	0.0339948088893545	0.518079812844894	9.4648405418226e-15	0.100244505067805	0.00765754103655099	0.125888038174722
"HKB0718_3001_N"	0.0980367671839994	0.0893135946122167	0.0494751919494401	0.0490222820953301	0.394460997464133	8.63682839048292e-15	0.110203055114514	0.0684848888826167	0.0526227234395341
"HKB0719_3001_N"	0.00932876802000834	6.58406721915545e-15	6.58406721915545e-15	0.0451599000577853	0.434727051888467	0.00752956372735304	0.0762293509052728	0.000514213239109506	0.0643080447961058
"HKB0722_3001_N"	0.023874778227171	0.00961308970490393	1.06853305772336e-14	1.06853305772336e-14	0.309662527929055	1.06853305772336e-14	0.0659136051288749	0.0665363086890898	0.164682962303707
"HKB0744_3001_N"	0.0193246740637874	0.065625092767779	0.0101052763510604	0.233385787839286	0.332522875861015	5.6091508964507e-15	0.0280355324874714	0.0206307654162256	0.0206343880862583
"HKB0748_3001_N"	0.080426404033967	0.00742925252090871	0.0102440838530814	0.243289798698882	0.397484758557968	0.0699141686591235	6.16838021367901e-15	0.0840426964737459	0.0516858359925565
"HKB0751_3001_N"	9.04292778434344e-15	9.04292778434344e-15	9.04292778434344e-15	0.0347339268044226	0.502434936115188	9.04292778434344e-15	0.0951047876735092	0.052950023785604	0.0254648736420045
"HKB0752_3001_N"	0.0440364170790582	9.43262617225022e-15	9.43262617225022e-15	9.43262617225022e-15	0.243649191602105	9.43262617225022e-15	0.0336077147128255	0.0690072549204978	0.0771601274041058
