"ID"	"S01"	"S02"	"S03"	"S04"	"S05"
"HKB0004_3006_T"	1.03130807817632e-14	0.160923804305641	3.8641065004298e-14	0.218178799049793	0.144984860983449
"HKB0005_3001_T"	1.10628535279179e-14	0.158695373425779	1.10628535279179e-14	0.187070936789193	0.0840056986018057
"HKB0006_3006_T"	1.00288146316111e-14	3.20630640320013e-08	1.00288146316111e-14	0.356615727894112	0.0720944093039785
"HKB0007_3005_T"	1.29432666183184e-14	0.215790374856285	0.054065358535114	0.187304333478761	0.14994024232902
"HKB0008_3006_T"	1.41961511856509e-14	0.370812278373231	0.217790784958967	0.154137669667149	0.0597485182825731
"HKB0016_3006_T"	1.47835287981558e-14	0.116394538850132	0.092659113481028	0.225236947105095	0.0890599647672263
"HKB0019_3006_T"	1.19928786140348e-14	0.291808904403525	1.19928786140348e-14	0.0866694164551601	0.0827978732411773
"HKB0023_3006_T"	1.36206490463673e-14	0.535581732109357	0.000380344453684535	0.177257773633907	0.0898645643186304
"HKB0031_3001_T"	1.26097871777381e-14	0.0993324993550672	0.0785559917195689	0.118709150797991	0.124093405312665
"HKB0033_3006_T"	0.0251888826588919	0.404802553509372	0.106505706717587	0.101506061815079	0.108681928175097
"HKB0035_3006_T"	1.2581526087559e-14	0.0126547088679011	0.0164670954586022	0.174390564661757	0.103177157650346
"HKB0036_3006_T"	1.01581881292605e-14	0.223483822094878	0.00171385646973143	0.119307757953443	0.244415939148768
"HKB0038_3006_T"	1.21826519152273e-14	0.48135178758353	0.00221960088446732	0.0343965403734294	0.12170897073234
"HKB0040_3002_T"	1.09784200417342e-14	0.00904672980078701	0.546797548106872	0.122364373445069	0.0243613735926232
"HKB0044_3006_T"	1.0461818610081e-14	0.0269076467052173	0.0731607444775824	0.141534813696668	0.239769309676674
"HKB0049_3006_T"	0.132892387404012	0.389663383310204	0.24116461054395	0.0563981308135235	0.0797978340254848
"HKB0050_3005_T"	1.3325156683344e-14	0.0296572004885382	0.130631056741768	0.0199268510427018	0.00861629657591406
"HKB0052_3000_T"	0.170639284699647	0.274943452159751	0.287791977910269	0.113433158882917	0.126788967940604
"HKB0054_3000_T"	0.0253318215958694	0.106776456558286	0.472856676641624	0.257859999749083	0.0501785335716996
"HKB0056_3002_T"	1.00414415805959e-14	0.0324477292652017	0.0381366178316919	0.283941058378827	0.136874466486071
"HKB0064_3004_T"	0.146178339952802	0.0372349746635679	0.296191216246256	0.274108307079291	0.0806992663554382
"HKB0065_3006_T"	1.10679255747997e-14	0.270821995710516	0.00308258874533918	0.11229303799098	0.128575913057398
"HKB0067_3006_T"	1.53298518979238e-14	0.113433753172319	0.14024381008083	0.137132689095278	0.057495018669622
"HKB0069_3000_T"	1.47195676220752e-14	0.157683961541032	0.278022344977262	0.133233028689837	0.109457185467875
"HKB0070_3002_T"	0.00923581006401982	3.08062411064388e-11	0.160820098277479	0.215031405928344	0.0367428432428547
"HKB0074_3000_T"	0.270181184276693	0.176053078767953	0.340828350779303	0.155295865445605	0.0571893963747216
"HKB0078_3000_T"	1.28454080519141e-14	0.072358493399211	1.28454080519141e-14	0.291907524974486	0.0839051549702581
"HKB0079_3006_T"	1.1283147416223e-14	0.180968416354851	0.14656729600495	0.0716286562300212	0.19099298948217
"HKB0080_3006_T"	1.22210207071861e-14	0.0135278838307949	0.0278781432770486	0.136263805272063	0.0179437127735541
"HKB0082_3006_T"	1.27918824396205e-14	0.161846525948363	0.0911347869582353	0.0181051473396079	0.106913334113481
"HKB0084_3000_T"	1.21339411356897e-14	0.358460604989492	0.0209796896819053	0.127378326597862	0.100167332219024
"HKB0086_3006_T"	1.39945356305536e-14	0.263876669149145	0.0334120436311789	0.275514293163837	0.0998236576639978
"HKB0088_3000_T"	1.4260604249257e-14	0.373527679018371	0.127857004786224	0.187844774531333	0.0726113467317454
"HKB0089_3001_T"	1.10809682571529e-14	0.194300800274614	0.138412606718574	0.120003103277838	0.234922361466553
"HKB0091_3001_T"	1.19306357543484e-14	0.104031201991196	0.129564039884547	0.242405613290051	0.127119761741135
"HKB0092_3000_T"	1.17708167004395e-14	0.112910807493311	1.17708167004395e-14	0.245884149678046	0.139977942983806
"HKB0094_3006_T"	1.61744521338932e-14	1.61744521338932e-14	0.122100004738514	0.189489961004815	0.03886096612209
"HKB0096_3001_T"	0.00316893819804419	1.21347338518202e-14	0.00791063077719619	0.0720795826984471	0.0531076024966223
"HKB0097_3000_T"	0.0321538956949412	1.68190272352376e-14	0.0362693195692725	0.0447206986567742	0.128684733614277
"HKB0098_3005_T"	1.5167206570747e-14	0.404317174384592	0.1112822386969	0.12717581055598	0.0324959259554885
"HKB0100_3006_T"	1.3379533964604e-09	0.0725530499503702	0.0691439125274628	0.169462425031961	0.131304156787697
"HKB0101_3000_T"	1.48317436592303e-14	0.493033180050939	0.0757973906138315	0.113441338412587	0.0590826582607296
"HKB0102_3006_T"	0.0766350976832871	0.174590518613105	0.0301676526869972	0.0946903459968171	0.0872086152938408
"HKB0104_3006_T"	9.12847309003806e-15	9.12847309003806e-15	9.12847309003806e-15	0.0994309242898743	0.103986676554
"HKB0106_3006_T"	0.00188093854976178	0.042789197077611	0.0129153677394563	0.195908454632172	0.171609108623721
"HKB0108_3000_T"	1.08516814673115e-14	1.08516814673115e-14	0.0125800367229303	0.069788832924671	0.0521280552367437
"HKB0109_3006_T"	1.19457868090331e-14	1.19457868090331e-14	0.0178935650228384	0.0737846768967511	0.0814448449382583
"HKB0115_3006_T"	1.59109144469075e-14	0.0828463590391463	0.0321705207401889	0.106336968958928	0.0750529247192205
"HKB0120_3000_T"	0.322361271722102	0.237948919858932	0.283603270643786	0.0269184640915881	0.129168073683582
"HKB0121_3006_T"	1.31582467748173e-14	1.31582467748173e-14	0.0144155064721947	0.0611047027946178	0.00474213884132637
"HKB0123_3006_T"	1.47674052555796e-14	0.100640695870805	0.0868733772880845	0.0689904203774294	0.0130158376895051
"HKB0124_3003_T"	0.12159276409982	0.123108219661428	0.059567580994607	0.172193289726599	0.0665438432982021
"HKB0125_3006_T"	1.16394253329156e-14	0.178364007758265	1.16394253329156e-14	0.215357059081376	0.0422042571787223
"HKB0127_3006_T"	1.70811054387037e-14	0.00420445025148342	0.20749177895441	0.0700617265390254	0.0244142610792513
"HKB0129_3000_T"	0.35831077522474	0.000302783177561371	0.317488287080339	0.2253695444728	0.0985286100445484
"HKB0132_3006_T"	1.36037325338014e-14	0.00257026924611959	0.0404944626216285	0.109166593183321	0.0949224846096248
"HKB0134_3006_T"	1.15588164162691e-14	0.267019804193997	0.0539396459287831	0.197909549602424	0.188772994881516
"HKB0137_3002_T"	1.24610580026269e-14	0.0216774690770594	0.0393740924804219	0.122291166801462	0.135945705401645
"HKB0141_3006_T"	0.0343416327090912	0.196135476543437	0.0338960782168431	0.237430847715762	0.0529068652208831
"HKB0143_3006_T"	5.24967884240312e-12	0.34986628299945	0.201720484340537	0.104597602863425	0.099815398828765
"HKB0147_3000_T"	1.05503583706298e-14	0.0314050975006632	1.05503583706298e-14	0.322645451597834	0.0148876292604336
"HKB0150_3006_T"	9.25233109622142e-15	9.25233109622142e-15	9.25233109622142e-15	0.0442197951335229	0.0168975463750654
"HKB0155_3000_T"	0.0244394882702719	0.204813524260166	0.345365114719793	0.082892953043967	0.19203255781025
"HKB0157_3006_T"	0.00481190668404345	0.208421642514396	0.00971165867663623	0.221127841104324	0.0266211183082927
"HKB0158_3006_T"	0.00975422155111962	0.266911410322366	0.155824881745494	0.255911717941879	0.298651823945137
"HKB0159_3006_T"	1.14521725848236e-14	0.0738884123905872	0.0127276650016801	0.247519543779442	0.173544379830846
"HKB0160_3000_T"	0.620488790872314	0.0424548463974773	0.103610902144808	0.0291954539415235	0.0559088233079185
"HKB0161_3001_T"	0.15383138878761	0.271944220321325	0.160913388011436	0.24761991234325	0.165691090536368
"HKB0162_3006_T"	1.25070113539666e-14	0.203734582915147	0.150168693760302	0.158416977197871	0.297396150366046
"HKB0164_3006_T"	0.0110247012271179	0.467531795151948	0.173640984869586	0.216345137547591	0.0788890903474877
"HKB0167_3006_T"	1.17758342977373e-14	0.27173399115213	0.3262728467929	0.0322250274932497	0.0630771143634649
"HKB0168_3006_T"	0.000555353094330312	0.267187446554369	0.026539924555414	0.249218327633875	0.0920605916546525
"HKB0179_3006_T"	0.0242106792362145	0.229055006851467	0.0495398325331071	0.347306967817675	0.0680181703138249
"HKB0182_3006_T"	1.10161938435096e-14	0.509595262108681	0.00355656343073273	0.0995771432646864	0.0892835690528592
"HKB0186_3000_T"	0.303697131210341	0.248543418403196	0.378249770747901	0.0234202305141764	0.0460894491243751
"HKB0191_3001_T"	1.41890192462998e-14	0.339695819013047	0.0951341886011091	0.115060366529063	0.0928094583721377
"HKB0194_3006_T"	1.35579193447605e-14	0.0766797220155605	0.157261725517682	0.188618346613599	0.0850842151811437
"HKB0196_3006_T"	1.26982764544423e-14	0.0193440244305201	0.00386488353418625	0.339890883969974	0.102953575863223
"HKB0207_3001_T"	0.162937757866816	0.430566652394236	0.237865521475673	0.0272098581827894	0.0532948258404786
"HKB0208_3006_T"	1.33064703904939e-14	0.499468013708904	0.0784712357628831	0.310242014713885	0.0129779908890435
"HKB0209_3004_T"	1.02213368851008e-14	0.405681358634277	0.0496131368418102	0.321701557616127	0.0888936749488748
"HKB0210_3006_T"	6.91515832660054e-15	0.0468277392136682	0.0025000601818959	0.610173456185467	0.122835474550441
"HKB0211_3002_T"	0.00411689288300046	0.120159399459252	0.00823784598575093	0.418661209597099	0.309852302410101
"HKB0214_3006_T"	1.55166199080804e-14	0.205673870099966	0.102322653444205	0.156019046249674	0.144416325564364
"HKB0217_3005_T"	1.0425789496959e-14	0.00522643793579131	0.0511724055834662	0.231714704452243	0.108365072199209
"HKB0219_3001_T"	0.000635368050699685	0.161335713026055	0.0246525581696107	0.170969997235303	0.0811223605784269
"HKB0220_3000_T"	0.0259415834807959	0.247918189048598	0.308590354222627	0.0882587231945939	0.234043509872847
"HKB0221_3001_T"	1.55563093505791e-14	0.216303656957131	0.0393079106170773	0.184468681957954	0.0343850076911943
"HKB0222_3006_T"	1.25978016293598e-14	0.00302893996755054	0.020912096058893	0.309864897133544	0.0577613062364779
"HKB0225_3001_T"	1.13345072036916e-14	0.0644191271352653	1.13345072036916e-14	0.24691418236128	0.038212778970192
"HKB0226_3001_T"	1.40669846588264e-14	0.157066706914026	0.0329896302118422	0.171195240172513	0.0696677816315057
"HKB0227_3006_T"	1.17735731252686e-14	1.90640378773186e-12	0.0669765474158049	0.152194900418601	0.0663634986212892
"HKB0228_3002_T"	1.25860634481502e-14	0.0133447984023592	0.0139847258706657	0.173470762762533	0.212643218596267
"HKB0230_3006_T"	1.2285655622306e-14	0.0840657234885183	0.0708600258858881	0.442237398612774	0.0622267911774754
"HKB0232_3000_T"	1.07148831879732e-14	0.18700454174746	1.07148831879732e-14	0.146040581467617	0.0690795529003987
"HKB0233_3006_T"	7.52108701712629e-15	0.00459539504026985	7.52108701712629e-15	0.170445412286931	0.108219559119563
"HKB0540_3000_T"	1.03534180053385e-14	3.87725885167968e-06	0.00025784413868455	0.280710103842482	0.0943560659070559
"HKB0552_3000_T"	0.216416307138875	0.158931005772532	0.143264573013993	0.220406184648724	0.0588148325222472
"HKB0558_3000_T"	1.60454171102816e-14	0.29236438038829	0.0101372750253879	0.202414772121801	0.0467376087040145
"HKB0564_3000_T"	1.47217091099672e-14	0.397336855650346	0.0480430942539804	0.274868938342467	0.0808866743822232
"HKB0573_3000_T"	0.097720676587063	0.307918578074727	0.28384480958643	0.138859819330937	0.143603328586512
"HKB0576_3000_T"	1.20484378806256e-14	0.560700159511179	0.0210315928525134	0.0834579990332733	0.0720060737699276
"HKB0579_3000_T"	0.00860839256526625	0.460782181712394	0.279349384123513	0.132798345210567	0.0634844528865539
"HKB0585_3000_T"	9.79478141939214e-15	0.00456593222108041	0.0116683267323488	0.418442499013807	0.0668277640075641
"HKB0599_3000_T"	1.2545065524968e-14	0.188087634608784	0.000133963930818634	0.175400001505193	0.0951651822856168
"HKB0605_3000_T"	1.61998318316851e-14	0.202289671327911	0.0496684994098121	0.14380412396631	0.0458562723171115
"HKB0620_3000_T"	1.39550887908024e-14	0.0488746128898105	0.0830769317614889	0.173964304522476	0.10285963488054
"HKB0626_3000_T"	9.90002845080688e-15	0.0229064861333334	9.90002845080688e-15	0.253620308681969	0.0770824439269929
"HKB0629_3000_T"	1.02413425615744e-14	1.02413425615744e-14	0.0142460314916826	0.18746107967004	0.0483351113280167
"HKB0638_3000_T"	7.15657783852574e-05	0.215056526281589	1.32347470170656e-14	0.249052374939966	0.0793594038298324
"HKB0644_3000_T"	9.58531524176185e-15	0.0273348667015942	0.00392775347901479	0.181462336689532	0.0311119470955227
"HKB0650_3000_T"	1.21478807405245e-14	0.00437900689298536	0.070122440134498	0.223570972486056	0.0512296952447668
"HKB0653_3000_T"	1.36621768260291e-14	0.127903331160378	0.015657515544059	0.0930602255150426	0.0878458681231822
"HKB0656_3000_T"	1.5219664513564e-14	0.145733166793248	0.0665473469619781	0.0448609606538208	0.01735298120415
"HKB0659_3000_T"	1.1243657852992e-14	0.115946986182205	0.177213906613692	0.0830963852923318	0.141667458077632
"HKB0665_3000_T"	1.26015698189294e-14	0.478089799592175	0.000104241135022282	0.142674912428261	0.0761932100814363
"HKB0668_3000_T"	1.16268257327572e-14	0.111242354404538	0.0175667126121361	0.250218138283801	0.209795175998093
"HKB0674_3000_T"	1.22852465406642e-14	0.314023917966335	0.39827582415022	0.0620205966124861	0.0852150362897399
"HKB0677_3000_T"	0.00419597557706267	0.123993421601417	0.00292052008770585	0.150294661421384	0.177634089290032
"HKB0683_3000_T"	0.0282890367998073	0.0252853425113079	0.120632309624774	0.0481590495607553	0.116119334258295
"HKB0692_3000_T"	9.88925638252825e-15	0.153528212411631	0.01679176800747	0.173622129196131	0.123245680620945
"HKB0698_3000_T"	1.35228316421495e-14	0.317297862137337	0.067942312946015	0.0605324036556929	0.0871494412958607
"HKB0701_3000_T"	1.24165388799134e-14	0.646274848378907	0.0164551653816001	0.0793562142628733	0.0529842857699481
"HKB0704_3000_T"	1.04379745761592e-14	0.00835198898694143	1.04379745761592e-14	0.113525949051924	0.0142304027529575
"HKB0710_3000_T"	1.03179096678733e-14	0.0914862956052539	0.149191060459346	0.123266174111026	0.0710349066958646
"HKB0713_3000_T"	1.20173525488952e-14	0.0799510473502079	1.20173525488952e-14	0.233161505099927	0.0171534202733312
"HKB0718_3000_T"	1.35600746606478e-14	0.287136034484066	0.106275075093969	0.0761427100469857	0.0860803582035267
"HKB0719_3002_T"	0.253903980070131	0.206258600793231	0.166492766803753	0.10103491489467	0.12721577162334
"HKB0721_3000_T"	1.20331144203592e-14	0.0473182446643154	0.00665655884500937	0.218394927166182	0.138578373000136
"HKB0722_3002_T"	1.29307262066225e-14	0.162439034648406	1.29307262066225e-14	0.172542028245675	0.14176833281254
"HKB0726_3000_T"	1.35036949550995e-14	0.0693144409395494	1.35036949550995e-14	0.233059780982356	0.0286459606262465
"HKB0734_3000_T"	1.47136554810386e-14	0.263078261368612	1.47136554810386e-14	0.183944720471344	0.0569093775974345
"HKB0736_3000_T"	1.10664698213541e-14	1.10664698213541e-14	0.406224986709951	0.291792230850564	0.0663893556423972
"HKB0737_3000_T"	0.00291005711123104	0.511577107309688	0.153592455456006	0.112757378267121	0.047866236091868
"HKB0744_3000_T"	1.35137104369858e-14	0.203684170429086	1.35137104369858e-14	0.0287850256366452	0.0154144620739901
"HKB0748_3000_T"	1.18057928901519e-14	0.0331079285639101	3.86244966544371e-11	0.401875123977541	0.117406670759976
"HKB0750_3000_T"	8.41075694079349e-15	8.41075694079349e-15	4.28690946224981e-06	0.257611020122552	0.188870702315442
"HKB0751_3000_T"	0.0335566887430269	0.115069854661681	0.42324507585993	0.179560425844393	0.0343402678661201
"HKB0752_3000_T"	1.22419112969893e-14	0.0133452243557982	0.170730702869892	0.300289845675535	0.0752149126505449
"HKB0004_3000_N"	0.546100170427071	0.00845432892638972	0.13951374971076	0.234925510137373	0.0702368134159297
"HKB0005_3000_N"	0.36845326782726	0.0672841438641429	0.123571548916359	0.283402130103552	0.122864026644857
"HKB0006_3000_N"	0.470831251390928	2.62189307283258e-06	0.12960704001508	0.237637539290921	0.161921493675233
"HKB0019_3000_N"	0.581439651401933	0.0186801370212211	0.090153651686947	0.0861808682228974	0.223545691666993
"HKB0023_3000_N"	0.605795878027004	0.0256185336720775	0.190510985508305	0.0897510546089655	0.0883235481836156
"HKB0033_3000_N"	0.62192564715666	0.0148902016339132	0.158977680536379	0.0938085895978859	0.110397881075154
"HKB0035_3000_N"	0.527277243454537	1.28662871680465e-14	0.0554297575612077	0.253612361710605	0.126596915407457
"HKB0036_3000_N"	0.34604080264437	0.0583144476251264	0.158327788335525	0.146749806737185	0.269748445079997
"HKB0038_3000_N"	0.407171637801176	0.0104808127535665	0.177127620722944	0.261932549692501	0.143012127901673
"HKB0040_3000_N"	0.46718681541585	0.00456193050979936	0.197615264233433	0.235470108635936	0.095165881204973
"HKB0044_3000_N"	0.349210792317562	0.01255329085092	0.0814272997838068	0.330477183790294	0.155280363609922
"HKB0049_3000_N"	0.522262104898199	0.102647065293202	0.252977277426226	0.00231995594326837	0.119793596439098
"HKB0050_3000_N"	0.526735591067608	0.0473912683152452	0.186252246334878	0.167027571315785	0.0725933229664729
"HKB0052_3004_N"	0.644644330720157	0.0147671383455966	0.172633469192758	0.0781968231700793	0.0897582385714008
"HKB0064_3000_N"	0.528153389800125	0.0196821973210579	0.0776242465219435	0.057999592877667	0.103729308490495
"HKB0067_3000_N"	0.541332136230917	0.0858941765618536	0.232887926648324	0.0214840114326183	0.093481584506365
"HKB0074_3003_N"	0.670465416074927	0.00583081364201769	0.132734861886625	0.101249398809993	0.0897195095864282
"HKB0079_3000_N"	0.274326371345696	0.0626691415597849	0.135714961235889	0.418955066465389	0.108334326918227
"HKB0094_3000_N"	0.689196744740303	0.0170139155414791	0.13136320711211	0.0716402841636017	0.0907858484424954
"HKB0096_3000_N"	0.581166599408346	0.0674456695854622	0.184658763858363	0.0194627157715291	0.0767169083426388
"HKB0097_3004_N"	0.636177553920623	0.055527210202005	0.199782206775825	0.0184131290837497	0.0900890704084697
"HKB0098_3000_N"	0.622047992631663	0.0186859772209734	0.206863595480161	0.0279195102893453	0.0954505378814254
"HKB0102_3000_N"	0.673486150701478	0.0439363549316245	0.0983084736363811	0.110479644670693	0.0737834351037334
"HKB0106_3000_N"	0.58069649333809	0.0571114591079359	0.20948345608469	0.0140712318599831	0.0895530921828441
"HKB0109_3000_N"	0.343103184368912	0.0389897160532473	0.177942550714476	0.00913894761305379	0.430825601250306
"HKB0115_3000_N"	0.684631868451891	0.0686706417603572	0.142200797046463	0.0320709268841911	0.072425765857088
"HKB0120_3002_N"	0.497785673472228	0.0248462430639893	0.0593306469612127	0.323778706696464	0.0937778340581189
"HKB0121_3000_N"	0.582677449153638	0.086326283075728	0.177529009209077	0.0281792340755388	0.0794664892807741
"HKB0122_3002_N"	0.645793903289133	0.0336504398787895	0.118249642806099	0.0861145300159711	0.116191484009997
"HKB0123_3000_N"	0.627548499816694	0.0532600139828502	0.15221630939977	0.0180197481489289	0.089747818686864
"HKB0124_3000_N"	0.648347508163597	0.0277265132283682	0.139571701445453	0.0080443644084159	0.072201580865721
"HKB0127_3000_N"	0.214665741756772	7.45447403061303e-06	0.0467575481733533	0.386048554832718	0.129964334239791
"HKB0129_3002_N"	0.546342136419153	0.0520802194227895	0.192412929486569	0.0345761079327958	0.159928569786418
"HKB0132_3000_N"	0.551434734805281	0.0459746529386728	0.19620629886927	0.0648602159125153	0.141339579877492
"HKB0133_3000_N"	0.594555462174686	0.0326563317705275	0.181895536966899	0.0442231946318512	0.146669474456028
"HKB0134_3000_N"	0.0774656428521168	1.58953934501882e-14	1.58953934501882e-14	0.146045650467351	0.137441787800217
"HKB0137_3000_N"	0.636440706912905	0.0175027414336518	0.156672201608838	0.0807973917574841	0.0991988091761316
"HKB0141_3000_N"	0.283138574154476	2.15748620722681e-05	1.77164580874671e-07	0.263346596768525	0.169895488471477
"HKB0143_3000_N"	0.6001551983954	8.97171090589848e-15	0.135628882626876	0.133243064159847	0.130972854817859
"HKB0149_3000_N"	0.545803765243107	0.13252095959815	0.0391718461810027	0.151418436261898	0.108182935633227
"HKB0150_3000_N"	0.602032712981757	0.0276247073685846	0.0783877431167689	0.154205583173013	0.137749253359865
"HKB0155_3003_N"	0.589124143466908	0.048985143796065	0.0710903964221629	0.0237496298739202	0.0753120646187104
"HKB0157_3000_N"	0.532302643211473	0.190839832864221	0.190852485388644	0.00661618326758008	0.0465406604127378
"HKB0158_3000_N"	0.64513804858054	0.011331355290759	0.168603692534183	0.0732642891081888	0.101662614486319
"HKB0159_3000_N"	0.592130064688172	0.0124579414642561	0.118436009363038	0.187595554976628	0.0893804295078966
"HKB0160_3001_N"	0.616147350210626	0.119507553211436	0.17806833895492	7.89515825072633e-15	0.0567464955977667
"HKB0161_3000_N"	0.618611420853099	0.0332814621959762	0.13511391177753	0.00205810790870889	0.0674683476583206
"HKB0162_3000_N"	0.601900460564774	0.12751860257568	0.186172698174171	0.01692627692204	0.067481961763327
"HKB0164_3000_N"	0.333073658493284	0.115774684744537	0.0507244053862763	0.256860850840523	0.243566400535369
"HKB0167_3000_N"	0.547521914001628	0.0650922473180206	0.184172881328448	0.0679403911189475	0.135272566232946
"HKB0168_3000_N"	0.384549090078775	1.13798342519691e-14	1.13798342519691e-14	0.325185118059247	0.156478773974052
"HKB0179_3000_N"	0.631496303521591	0.0391049700047017	0.106072889819956	0.085028473491952	0.138297363161791
"HKB0186_3002_N"	0.501768324643464	0.0296866762729332	0.106608773635691	0.184420391761646	0.177515833686257
"HKB0194_3000_N"	0.463943235715599	2.03826858625408e-09	0.117084948772836	0.24542984875149	0.106693615314084
"HKB0196_3000_N"	0.668939455606261	0.0253654378958794	0.121896446520631	0.0741932980844152	0.109605361892805
"HKB0198_3000_N"	0.542588967720655	0.0623381122757419	0.194507793708694	0.138483182414248	0.0620819438806506
"HKB0207_3000_N"	0.587701583048045	0.106799043208966	0.131120391021222	1.76957748657367e-14	0.0783611211377112
"HKB0210_3000_N"	0.506909115619377	0.0306035668867115	0.0931675454003026	0.248036548445196	0.121283223648406
"HKB0211_3000_N"	0.574443227355762	0.111309585546238	0.224294153268515	0.00655915207739529	0.0833938817520826
"HKB0214_3000_N"	0.367262937288299	0.178865216641087	0.193051606795015	0.149381992019086	0.111438247256502
"HKB0216_3000_N"	9.65830363509074e-15	0.705165408926077	0.0623219911433738	9.65830363509074e-15	0.0332302437456814
"HKB0219_3000_N"	0.589903236498813	0.0154556520664976	0.242739993490701	0.0562988945479276	0.0956022233960525
"HKB0220_3003_N"	0.486838131994168	0.136766668448917	0.239126337643367	0.0113719450052145	0.0627235147562367
"HKB0221_3000_N"	0.645985340258821	0.000334806953464285	0.180741550310638	0.0620308075544477	0.110907494922621
"HKB0222_3000_N"	0.530442887878973	0.0709102734890114	0.197709565790836	0.137908364300008	0.0630289085411622
"HKB0225_3000_N"	0.409150074264717	8.11421589749922e-10	0.0703311138932819	0.390392297772432	0.069080845084306
"HKB0226_3000_N"	0.592129601507451	0.0953408863091134	0.142726384906095	0.0150655480475592	0.0681730519026962
"HKB0227_3000_N"	0.681440129488431	0.000286446152782001	0.144214448049481	0.12420985010173	0.0498491262075674
"HKB0233_3000_N"	0.225968189862418	1.06728117078194e-14	0.0137622316839626	0.339892194934264	0.355879998580372
"HKB0538_3000_N"	0.340617662207552	0.0272610467877618	0.107496845793168	0.395594210261517	0.065743242544564
"HKB0562_3000_N"	0.254030030893024	0.0726675976844623	0.0516636646805893	0.448359384659789	0.140199991297722
"HKB0571_3000_N"	0.599052511027899	0.0564096922289839	0.18383379437685	0.0825372263462016	0.0736079004984444
"HKB0574_3000_N"	0.495812340075527	0.130927880492197	0.203080441668784	0.0104190902832058	0.12765693064748
"HKB0577_3000_N"	0.505361262048735	0.0864777007629425	0.203530485767061	0.074757770360535	0.129872781060721
"HKB0583_3000_N"	0.661762567441957	0.0955610316126633	0.083745763217245	0.0130593854442229	0.088046318700716
"HKB0597_3000_N"	0.267154003432837	0.0364118158290365	0.102286394294783	0.0212566248106224	0.572891161632717
"HKB0618_3000_N"	0.542463005573559	0.0736718551559418	0.182213427246901	0.0519151941823561	0.102616600929009
"HKB0636_3000_N"	0.511895594746157	0.113971893425355	0.101100021489836	0.211199972652402	0.0618325176862414
"HKB0648_3000_N"	0.458502335796834	0.0857039302613842	0.268091006237388	0.0902330873002533	0.097469640404131
"HKB0651_3000_N"	0.362224091950295	1.57363375386234e-09	0.0736307327605776	0.18517149464274	0.0882062661442897
"HKB0657_3000_N"	0.654531658386659	0.0243141847850264	0.0531900086345302	0.0990205891743312	0.112135038895595
"HKB0663_3000_N"	0.582397906869277	0.118835013754839	0.1655754589045	0.0289943452558294	0.103898447342382
"HKB0666_3000_N"	0.642795869751989	0.0252310096423957	0.0874902445955842	0.00895355716603849	0.161776323821553
"HKB0672_3000_N"	0.572692272597389	0.108253007010285	0.227410190218537	0.00132449594244484	0.0903200342313353
"HKB0710_3001_N"	0.639521063294356	0.034553259503122	0.0842868071811929	0.155903808489924	0.0857350615313957
"HKB0718_3001_N"	0.612178149625635	0.0373942270235825	0.109482179839804	0.1311636397898	0.109781803721168
"HKB0719_3001_N"	0.30394182042452	0.0377913401774524	0.0583745987533629	0.00697373976088116	0.575301787528881
"HKB0722_3001_N"	0.589689147357869	0.0185696100470172	0.075053079238511	0.246346088891945	0.0703420744646474
"HKB0744_3001_N"	0.501529722075009	0.101336673942102	0.148465734799533	0.0183206265661887	0.0655542155766426
"HKB0748_3001_N"	0.438923714263972	0.0919299222720023	0.191971234736671	0.170565050680962	0.106610078046385
"HKB0751_3001_N"	0.649591396767736	0.10936963959691	0.0455622890816245	0.109989456834251	0.0854872105806941
"HKB0752_3001_N"	0.470116741430857	0.0593678453271775	0.105416752399487	0.230243272866773	0.134855387973021
