"ID"	"S01"	"S02"	"S03"
"HKB0004_3006_T"	0.231454154814893	0.0338209367414813	0.187679560480537
"HKB0005_3001_T"	0.142008334980719	9.64660315725933e-15	0.157927547192291
"HKB0006_3006_T"	0.142510380626131	0.00550592101748925	0.0142992184145607
"HKB0007_3005_T"	0.304945780559897	1.25020132912404e-14	0.288953806931758
"HKB0008_3006_T"	0.270150588634861	0.00591517454918217	0.422864212434372
"HKB0016_3006_T"	0.27185625638	1.47380820674202e-14	0.303159996634904
"HKB0019_3006_T"	1.11168762206804e-14	0.0590631072792575	0.382651442116383
"HKB0023_3006_T"	0.30811965673446	1.11225767999148e-14	0.245647224729838
"HKB0031_3001_T"	1.45723723744024e-14	1.45723723744024e-14	0.269380567620801
"HKB0033_3006_T"	0.198341668562243	0.0149057455234554	0.358459670489123
"HKB0035_3006_T"	0.175698464093345	1.41892059569663e-14	0.0327334573880414
"HKB0036_3006_T"	0.126756256154609	0.0368055339011611	0.331637982177747
"HKB0038_3006_T"	0.0547681209729189	1.41584801525201e-14	0.514225483295075
"HKB0040_3002_T"	0.175521377120106	7.67725506499008e-15	0.722268465400362
"HKB0044_3006_T"	0.0915053386220877	0.0179435297234104	0.187045400901435
"HKB0049_3006_T"	0.0570378082511651	0.211018721427674	0.504133806387587
"HKB0050_3005_T"	0.663872468817132	7.68887191659795e-15	0.106799044069499
"HKB0052_3000_T"	0.0747626310804479	0.365630080010372	0.21875378706125
"HKB0054_3000_T"	0.166936921055785	0.125665921706908	0.662866580743467
"HKB0056_3002_T"	0.00360843217003889	1.20600668526347e-14	0.400721744880415
"HKB0064_3004_T"	0.35335656160949	0.0783479909313466	0.372147195400015
"HKB0065_3006_T"	0.00269489709608704	0.025512836470372	0.464128853269298
"HKB0067_3006_T"	0.0382639886789046	1.69822164274421e-14	0.369597959574559
"HKB0069_3000_T"	0.0752570979923855	0.056996838794932	0.60955870928629
"HKB0070_3002_T"	0.162481358733482	1.48380599751267e-14	0.142886353018375
"HKB0074_3000_T"	0.152714701163583	0.44300396375301	0.279060395890084
"HKB0078_3000_T"	0.0897507606949017	1.4395001894404e-14	0.172256149898975
"HKB0079_3006_T"	0.105976045203823	0.0283646578748691	0.408296630761777
"HKB0080_3006_T"	1.43293883063351e-14	1.43293883063351e-14	0.0245313242020956
"HKB0082_3006_T"	0.114091701233212	1.2582965393204e-14	0.467072118546551
"HKB0084_3000_T"	0.0133766144396918	0.0221587350918323	0.515577744277073
"HKB0086_3006_T"	0.203764832554993	1.41737703015517e-14	0.303989369503641
"HKB0088_3000_T"	0.0971045569284947	0.0820864199449696	0.470869177230547
"HKB0089_3001_T"	1.46912113761138e-14	0.189529097311052	0.227193100978243
"HKB0091_3001_T"	0.0629183106718511	1.20920509060075e-14	0.472484621054689
"HKB0092_3000_T"	0.213969116556454	9.3197764065402e-15	0.145771361459291
"HKB0094_3006_T"	0.200986974582254	0.0711501370626642	0.141172639212421
"HKB0096_3001_T"	0.0328308731347351	1.11637896108433e-14	1.11637896108433e-14
"HKB0097_3000_T"	0.173927186309942	0.0541389018532492	0.0266760101111766
"HKB0098_3005_T"	0.0941314899562324	1.62318827081995e-14	0.46812240415326
"HKB0100_3006_T"	0.300919816005026	0.0243041217834659	0.036357693298002
"HKB0101_3000_T"	1.90063077451271e-14	0.00356398799054644	0.460826657637186
"HKB0102_3006_T"	0.0383174467778729	0.0748224284844813	0.180500035874355
"HKB0104_3006_T"	8.3377950496651e-15	8.3377950496651e-15	8.3377950496651e-15
"HKB0106_3006_T"	0.0073020091436255	0.119184262615399	0.0341639146960765
"HKB0108_3000_T"	0.234228297509251	9.35413584630641e-15	9.35413584630641e-15
"HKB0109_3006_T"	0.0577648764354107	1.47885921345241e-14	0.0338464877748928
"HKB0115_3006_T"	0.327596656840301	1.54540469750349e-14	0.117477736453684
"HKB0120_3000_T"	0.018483915116328	0.413581969431808	0.43247514847395
"HKB0121_3006_T"	0.113311414625896	1.5719668920506e-14	0.139169959621719
"HKB0123_3006_T"	1.6871940282742e-14	1.6871940282742e-14	0.167981931569758
"HKB0124_3003_T"	0.0425829554523883	0.148940057900545	0.0631605501245703
"HKB0125_3006_T"	0.190220199245904	8.78402156856456e-15	0.21488548173321
"HKB0127_3006_T"	0.28649055279425	0.0306222684170393	0.104827908088725
"HKB0129_3000_T"	0.247318058682753	0.445481518161295	0.197545365055313
"HKB0132_3006_T"	0.133036601992092	1.33939534968856e-14	0.0103731468286565
"HKB0134_3006_T"	0.314890476682318	8.97613233668622e-15	0.455916667228282
"HKB0137_3002_T"	0.595276745304463	8.27672630211035e-15	0.078523599630211
"HKB0141_3006_T"	0.151952207320511	5.4096755934485e-10	0.131031337670992
"HKB0143_3006_T"	0.198971676198263	0.0554478786617034	0.473127943351211
"HKB0147_3000_T"	0.038499887330235	1.07637526693133e-14	0.15083521632059
"HKB0150_3006_T"	0.211256207234905	7.63602234152325e-15	7.63602234152325e-15
"HKB0155_3000_T"	0.347041408528884	0.17365031488736	0.315176237303661
"HKB0157_3006_T"	0.101718490655469	0.0240343949693157	0.181139629141979
"HKB0158_3006_T"	1.4478571150181e-14	0.0447756605098173	0.417423425534887
"HKB0159_3006_T"	0.174216306805044	1.30750336005353e-14	0.14063592582139
"HKB0160_3000_T"	1.11224580739261e-14	0.69852390483796	0.0328130311665854
"HKB0161_3001_T"	0.0922294840140394	0.376365094238382	0.190313222599817
"HKB0162_3006_T"	1.37441419096126e-14	0.0877911946153165	0.357501738457021
"HKB0164_3006_T"	0.135760987246153	0.0280636773942901	0.483906240997381
"HKB0167_3006_T"	0.0390511574889769	9.40852423015037e-15	0.823379674115118
"HKB0168_3006_T"	0.251563879109815	0.00427803730834204	0.153136782688529
"HKB0179_3006_T"	2.22620379368934e-14	0.0182892884042662	0.321841255801433
"HKB0182_3006_T"	0.0157477500148696	0.0724512204175304	0.434844867989867
"HKB0186_3000_T"	0.00866324140830542	0.362492838710168	0.605426042461494
"HKB0191_3001_T"	1.63232142949055e-14	1.63232142949055e-14	0.488030976039679
"HKB0194_3006_T"	0.0872329978516899	1.18448212940679e-14	0.443834530383479
"HKB0196_3006_T"	0.0707436187250322	0.0234752032086544	0.035909660230762
"HKB0207_3001_T"	0.0593736540957641	0.160753239912819	0.359469894997294
"HKB0208_3006_T"	1.84110430555085e-14	0.134269984196894	0.335362550693479
"HKB0209_3004_T"	0.3475534711538	0.0010541902248184	0.42284820928787
"HKB0210_3006_T"	0.369114542743031	0.0157647236061641	0.0269154954566844
"HKB0211_3002_T"	0.426560903182386	0.0169436133928725	0.122726451765579
"HKB0214_3006_T"	0.193837927615444	0.00376194104290537	0.245881896511979
"HKB0217_3005_T"	0.0291315276676863	1.18568685468919e-14	0.0684844230381639
"HKB0219_3001_T"	0.216057677570878	0.0511239862066419	0.135290551978624
"HKB0220_3000_T"	0.047603347763282	0.0313390041034346	0.698193465570422
"HKB0221_3001_T"	0.0916223587238396	1.81051602246357e-14	0.313187994834301
"HKB0222_3006_T"	0.156043720928004	0.0355662729152027	0.125266494983628
"HKB0225_3001_T"	0.189871949024365	1.10289987430268e-14	0.0735329867190145
"HKB0226_3001_T"	0.171439680577434	1.41631835350393e-14	0.14276612490295
"HKB0227_3006_T"	0.0554760808141254	1.34713419151579e-14	0.121660823248109
"HKB0228_3002_T"	0.0689681568981405	1.54603933636212e-14	0.0919050183264002
"HKB0230_3006_T"	0.293753953238465	1.4317880003948e-14	0.111165893911486
"HKB0232_3000_T"	1.09175413835926e-14	1.09175413835926e-14	0.145152860063876
"HKB0233_3006_T"	0.0848663919652804	6.61459235438574e-15	0.0122459674656957
"HKB0540_3000_T"	1.43380973659915e-14	1.43380973659915e-14	0.119137305261275
"HKB0552_3000_T"	0.0578189378988783	0.345354597216545	0.0666589139077166
"HKB0558_3000_T"	1.93624207932426e-14	0.0933884395739265	0.260075162529908
"HKB0564_3000_T"	0.118125678933732	0.0897872343514848	0.203102694526389
"HKB0573_3000_T"	0.209401853565949	0.0869480857931625	0.520216652641933
"HKB0576_3000_T"	0.139203396190752	1.03054506371162e-14	0.676533620896667
"HKB0579_3000_T"	0.300322327552957	0.00137203903980734	0.589357996844657
"HKB0585_3000_T"	0.110174066778336	0.0263721366010638	0.038805093461627
"HKB0599_3000_T"	0.199642063521248	1.14892672910347e-14	0.258115372091967
"HKB0605_3000_T"	0.188230978947762	0.0611200866842544	0.323005462298666
"HKB0620_3000_T"	1.69134486230832e-14	0.105661618740292	0.235946150097975
"HKB0626_3000_T"	1.13756662439653e-14	3.83203339408438e-08	0.0848812694640196
"HKB0629_3000_T"	0.169527813545166	0.0231475595377604	0.010039038252146
"HKB0638_3000_T"	1.23282916744048e-14	1.23282916744048e-14	0.255182690191842
"HKB0644_3000_T"	1.17855064387419e-14	1.17855064387419e-14	0.0605198430401198
"HKB0650_3000_T"	0.112704404298065	7.69014612678444e-15	0.107439230640478
"HKB0653_3000_T"	0.165719065480676	1.37391795065602e-14	0.175193455508028
"HKB0656_3000_T"	0.0279357793304901	0.0217725627352276	0.191087798843342
"HKB0659_3000_T"	0.0196368320729399	9.08588389702294e-15	0.662815297197904
"HKB0665_3000_T"	1.4647985407521e-14	1.4647985407521e-14	0.352949122303643
"HKB0668_3000_T"	0.115331885706996	0.0687280183951482	0.186996888952481
"HKB0674_3000_T"	0.0435758946730578	9.95106126732841e-15	0.782338470926926
"HKB0677_3000_T"	0.162453486375166	0.0114917997787129	0.29324847622667
"HKB0683_3000_T"	1.46859457200313e-13	0.0246200199225531	0.32380121888271
"HKB0692_3000_T"	1.0685549418273e-14	0.165634537151298	0.0599843765572339
"HKB0698_3000_T"	0.288866840403688	0.00361354879932411	0.392931100341468
"HKB0701_3000_T"	1.35954203299841e-14	1.35954203299841e-14	0.620267288932815
"HKB0704_3000_T"	0.167553509177687	1.05137331219325e-14	0.0756475427934816
"HKB0710_3000_T"	1.10908912929343e-14	1.10908912929343e-14	0.518460797004674
"HKB0713_3000_T"	0.09222598913088	1.32967008204996e-14	0.0448174947284504
"HKB0718_3000_T"	1.29924350870566e-14	1.29924350870566e-14	0.604744159957101
"HKB0719_3002_T"	0.135316078054873	0.240960664346478	0.157909224587276
"HKB0721_3000_T"	0.241749217637174	1.04811608098673e-14	0.159987537192283
"HKB0722_3002_T"	1.42679359878519e-14	1.42679359878519e-14	0.220168491098127
"HKB0726_3000_T"	0.0766360862811687	1.51602948578777e-14	0.11938938921784
"HKB0734_3000_T"	0.0561742849038492	0.0267757747632565	0.155513131997295
"HKB0736_3000_T"	1.64086164241796e-10	0.0291217084546903	0.670453160296833
"HKB0737_3000_T"	0.102038162110244	0.0736178059889526	0.581952090908993
"HKB0744_3000_T"	1.48864324351768e-14	0.00367567605674696	0.238013384124841
"HKB0748_3000_T"	1.66723758417133e-14	1.66723758417133e-14	0.309522149926331
"HKB0750_3000_T"	1.10449366458679e-14	1.10449366458679e-14	0.0659115741337103
"HKB0751_3000_T"	0.3687725910627	0.0806952792728632	0.403189746695123
"HKB0752_3000_T"	0.113992718526449	1.07506399661847e-14	0.465243230642679
"HKB0004_3000_N"	0.0619236557564868	0.470530388848956	0.0806937630018964
"HKB0005_3000_N"	0.236146563586069	0.247542033919511	0.2062104543302
"HKB0006_3000_N"	0.232548196177696	0.416697864048321	1.13980407641824e-14
"HKB0019_3000_N"	0.17294307295842	0.664252776835036	0.0492125236965277
"HKB0023_3000_N"	0.02924720210123	0.722835900790852	0.0744771438492329
"HKB0033_3000_N"	0.167385414862936	0.612279944540764	0.0971775242783532
"HKB0035_3000_N"	0.158087953710728	0.296843366632723	0.0116582836796729
"HKB0036_3000_N"	0.236976346394487	0.351679437894441	0.0760289365324675
"HKB0038_3000_N"	0.169188577836347	0.40559113518258	0.150106319450443
"HKB0040_3000_N"	0.0614511101250115	0.628362434386847	0.100536817850806
"HKB0044_3000_N"	0.0733791457712177	0.347679721306548	1.50306502043676e-14
"HKB0049_3000_N"	8.62062341579977e-15	0.74249004771545	0.205698863942595
"HKB0050_3000_N"	0.0874271084377027	0.700746978721701	0.0011272316081117
"HKB0052_3004_N"	0.0412218274004887	0.780979772233617	0.126092660865654
"HKB0064_3000_N"	1.01559432297372e-14	0.72908456926367	1.01559432297372e-14
"HKB0067_3000_N"	1.10440817268811e-14	0.65930388142559	0.212543688639984
"HKB0074_3003_N"	0.123304628680045	0.701366035762906	0.0582447437808857
"HKB0079_3000_N"	0.228772585576056	0.33020155621535	1.10971376817797e-14
"HKB0094_3000_N"	0.0356640128621258	0.758344614371838	0.00460174730351177
"HKB0096_3000_N"	0.00613651297508213	0.779410051522934	6.68498475532809e-05
"HKB0097_3004_N"	0.129476890480438	0.66020641323598	0.125601499656348
"HKB0098_3000_N"	8.11572267722938e-15	0.829177687364036	0.117235908055279
"HKB0102_3000_N"	1.37480302967374e-14	0.681942676382677	0.0834102736949873
"HKB0106_3000_N"	0.0253034629648798	0.898925646016113	0.0339658743033654
"HKB0109_3000_N"	0.0749731496391	0.551262967547255	0.209781601599666
"HKB0115_3000_N"	1.03854048594714e-14	0.801032818232594	0.0973315261776267
"HKB0120_3002_N"	0.0833006685499143	0.441394278879734	1.39195836252588e-06
"HKB0121_3000_N"	8.13510501274912e-15	0.940795016863411	0.0235162247756568
"HKB0122_3002_N"	0.0126968156146541	0.682252261909864	1.24607767140758e-14
"HKB0123_3000_N"	8.41718422368848e-15	0.894082749776048	1.9029551358075e-10
"HKB0124_3000_N"	8.7811783029925e-15	0.820749533009729	0.0463864506284109
"HKB0127_3000_N"	0.0770647532501058	0.242568282252535	0.0170483802381733
"HKB0129_3002_N"	0.243669163104389	0.610942179399233	0.0695489321312516
"HKB0132_3000_N"	8.82845157932572e-15	0.670531241334461	0.156935270896592
"HKB0133_3000_N"	0.100241282386884	0.656818552706482	0.132782021925589
"HKB0134_3000_N"	0.0677513543436279	0.0347426904020177	1.37848340504559e-14
"HKB0137_3000_N"	0.212269465546544	0.603674775102673	1.08018751860128e-14
"HKB0141_3000_N"	0.28580835851751	0.0902763392946693	1.17522198035752e-14
"HKB0143_3000_N"	0.0859675988530414	0.733828101031733	3.11833524665403e-11
"HKB0149_3000_N"	0.0640728052435909	0.600924258689053	0.0405972772585759
"HKB0150_3000_N"	0.0706299920875948	0.547227456583528	0.0264093162093022
"HKB0155_3003_N"	9.70148156675159e-15	0.666347093775738	0.0514748082811903
"HKB0157_3000_N"	9.41559724674946e-15	0.858611393017027	0.109824484575872
"HKB0158_3000_N"	0.161574941247647	0.673059597697714	0.0535119114439899
"HKB0159_3000_N"	0.331136511228423	0.478250650535761	6.57405303980921e-12
"HKB0160_3001_N"	6.1824851380932e-11	0.828568183912814	0.109777703398894
"HKB0161_3000_N"	9.34399524682509e-15	0.802960589870205	0.0468669547106175
"HKB0162_3000_N"	0.0038386280303251	0.748672465727738	0.182835856424905
"HKB0164_3000_N"	0.198221598155875	0.383705087960349	0.000528882246524289
"HKB0167_3000_N"	0.154066149840811	0.453337692963326	0.201479175907588
"HKB0168_3000_N"	0.188892873823806	0.137927788200262	1.17025948082758e-14
"HKB0179_3000_N"	0.00268901383451625	0.755841817158508	0.184883005450517
"HKB0186_3002_N"	0.138461816646692	0.557493463983914	0.0447226296447354
"HKB0194_3000_N"	0.120927217124108	0.458858268933344	0.0218590435194058
"HKB0196_3000_N"	0.0304362680215955	0.67685187108127	0.20739728028631
"HKB0198_3000_N"	0.368481889312415	0.419252132829646	0.0886271068245991
"HKB0207_3000_N"	7.85517497162243e-11	0.741826030176018	0.210727395726256
"HKB0210_3000_N"	0.18799025847245	0.457165003979429	0.0771670008162542
"HKB0211_3000_N"	9.51647222710462e-15	0.685467722126665	0.307388991688365
"HKB0214_3000_N"	0.108403269255723	0.518032056158767	0.068646523198535
"HKB0216_3000_N"	9.34032452499835e-15	9.34032452499835e-15	0.844467438174285
"HKB0219_3000_N"	0.29747177140556	0.470599070522805	0.189240545251581
"HKB0220_3003_N"	8.72649112616447e-15	0.489697713060529	0.492788074733277
"HKB0221_3000_N"	0.110097040093883	0.630413965130966	0.0808921228209869
"HKB0222_3000_N"	0.0645469723839246	0.510248801263717	0.246363304234805
"HKB0225_3000_N"	0.15466213302697	0.309536152519734	1.24359113450827e-14
"HKB0226_3000_N"	0.0431498418852862	0.68375517291976	0.195205476553772
"HKB0227_3000_N"	1.10070631133916e-14	0.748574861101897	0.108677441566211
"HKB0233_3000_N"	0.664263742486072	0.0558974609340976	5.73352508019449e-15
"HKB0538_3000_N"	0.0118603556340197	0.336226564516486	0.0749622388559144
"HKB0562_3000_N"	0.141317165347742	0.323771921954773	1.20495524464547e-14
"HKB0571_3000_N"	0.0585239698784437	0.764178223822841	0.138580772183243
"HKB0574_3000_N"	8.71064348025342e-15	0.728371658919099	0.251010138025921
"HKB0577_3000_N"	8.12965184670317e-15	0.592248964108917	0.189658876123151
"HKB0583_3000_N"	0.00321475244550923	0.843095594400488	0.0750773014689097
"HKB0597_3000_N"	0.000532114794735652	0.645683551117962	0.214021422247525
"HKB0618_3000_N"	8.60746751537436e-15	0.720318462566893	0.231391915805668
"HKB0636_3000_N"	0.0723015886288833	0.343435666232993	0.359459690265969
"HKB0648_3000_N"	0.025450104134452	0.510878515904003	0.282606550963693
"HKB0651_3000_N"	0.055732297578397	0.245455164311786	0.0364164250294252
"HKB0657_3000_N"	0.12183192584458	0.578773159399877	0.119020825508443
"HKB0663_3000_N"	1.37705850760252e-14	0.748454088463488	0.0762907454629985
"HKB0666_3000_N"	1.16989299903997e-14	0.798742708786308	1.16989299903997e-14
"HKB0672_3000_N"	0.0891392134868082	0.68997357999306	0.184763635949578
"HKB0710_3001_N"	1.32996814140364e-14	0.662740668091902	0.175285926583261
"HKB0718_3001_N"	0.125449193087126	0.568009089956832	0.196959796639478
"HKB0719_3001_N"	9.05832492925883e-15	0.860916249034709	0.00176336998251112
"HKB0722_3001_N"	0.0123404006870482	0.572982031681784	0.00372542076369352
"HKB0744_3001_N"	8.91323674124651e-15	0.745059589343761	0.162573268264919
"HKB0748_3001_N"	0.0612633111225397	0.60374004205344	0.271728032748265
"HKB0751_3001_N"	0.0251726451389851	0.690436043292886	0.0688234115285594
"HKB0752_3001_N"	0.0913029308212163	0.522880268907182	1.57296087387533e-12
