"ID"	"S01"	"S02"	"S03"	"S04"	"S05"	"S06"	"S07"	"S08"	"S09"
"HKB0004_3006_T"	5.39913417699992e-15	0.0290612959839435	0.00724060834846531	0.00769617857542755	5.39913417699992e-15	0.0289027390895019	0.575097815401069	0.0345643294878745	0.0286539263278859
"HKB0005_3001_T"	6.0098120480531e-15	6.0098120480531e-15	0.0146021245248835	0.00183619416031559	6.0098120480531e-15	0.0323077530006676	0.449556448318115	0.143083720157646	0.0390396712621097
"HKB0006_3006_T"	0.0030357058132336	0.00869491972159694	0.00354037539639294	6.84826328917851e-15	6.84826328917851e-15	0.012817977793625	0.0118694222413153	0.0847720498720767	0.109618352503638
"HKB0007_3005_T"	0.055845295468443	0.0324191381775427	0.303037369678709	0.0264463734880223	7.9243456502127e-15	0.130419090844008	0.0522584470152435	0.124590687827126	0.0852733814321089
"HKB0008_3006_T"	0.132929170388557	0.193777630803717	0.094445680910247	0.124179939259129	9.90289940979039e-05	0.158104468477274	7.14617969417666e-15	0.136625741756404	0.0956346221533316
"HKB0016_3006_T"	0.0940664126284923	0.133673942084581	0.151218907113299	0.0245819253478512	8.51405219412283e-15	0.116606077174509	8.51405219412283e-15	0.159858583785282	0.0888497501529861
"HKB0019_3006_T"	6.61627753783704e-15	6.61627753783704e-15	0.0627843861560154	0.0913829058099436	6.61627753783704e-15	0.149133380266358	0.215800312622249	0.00458187320863207	6.61627753783704e-15
"HKB0023_3006_T"	0.00176849454159213	0.0403984101895797	0.0277780717574556	1.28386695842753e-11	1.00730090126081e-14	0.342809053370295	0.148653864042869	0.0679263023813087	0.162523302180864
"HKB0031_3001_T"	0.110673127461611	0.223130671381608	0.0369871353679256	0.133951813056587	0.00150661513461151	0.0314458257103635	7.20267136591799e-15	0.0876075815087086	0.0290495419551389
"HKB0033_3006_T"	3.67953292384584e-08	0.327137067014612	0.0105536366492796	0.0764782252900129	0.00251189916312257	0.20056542834103	0.00232103722688514	0.170380238933377	1.47248865428107e-11
"HKB0035_3006_T"	0.0155631718875892	7.75268485322708e-15	0.0595785836264064	7.75268485322708e-15	7.75268485322708e-15	0.0126508902988481	0.0603656317924276	0.116804172634893	0.0524889365458288
"HKB0036_3006_T"	6.57606088312919e-15	6.57606088312919e-15	0.0632267951391988	0.0207237143113229	6.57606088312919e-15	0.108524151192654	0.497602564310709	0.0654030879357803	6.57606088312919e-15
"HKB0038_3006_T"	7.34817779311192e-15	0.0687619341552373	0.0784846315382971	0.0891695780830765	7.34817779311192e-15	0.303634693795035	0.114007450022667	0.0481040504557423	0.0726297170333972
"HKB0040_3002_T"	0.378939088180765	0.00013396462490611	0.343973424015472	0.0510157037960621	4.10215349763664e-15	0.0143614359512817	0.149872418855087	0.00988171789291743	0.00425489852046086
"HKB0044_3006_T"	0.0255361014000854	0.0415369976707903	0.315495089287979	5.86170304012772e-15	5.86170304012772e-15	0.0201963204086797	0.259519293819797	0.000202024455865668	0.0469837615595835
"HKB0049_3006_T"	0.0579819752629152	0.147852502919475	0.0491629619359225	0.222505146256845	0.0337650048614252	0.232025628319815	0.0152931214127639	0.0682868433674296	0.093642192292161
"HKB0050_3005_T"	0.15804121162415	7.49045429557388e-15	0.291630541829161	7.49045429557388e-15	7.49045429557388e-15	0.00562227389906464	7.49045429557388e-15	0.0186516187623971	0.073967622092748
"HKB0052_3000_T"	0.200302792663439	0.0649630260182411	0.0457280242579426	1.08204501972075e-14	0.0777859819043827	0.131773055511761	1.08204501972075e-14	0.0443596808338051	0.160706163624346
"HKB0054_3000_T"	0.357291596202414	0.108138298977989	0.172689242487264	0.0536149089559435	0.00309496319285142	0.0511745373443496	0.0264686169836203	0.0356777790899533	0.0790691443645458
"HKB0056_3002_T"	5.56845523291552e-15	5.56845523291552e-15	0.237149485022915	0.0595866672601687	5.56845523291552e-15	0.0369775657462116	0.358798898637789	0.0860717133112783	0.0210330050159842
"HKB0064_3004_T"	0.0988135980975036	0.329211307868052	0.035904283979642	0.327187712939495	5.86660195663833e-15	0.00773444097328544	5.86660195663833e-15	0.0351062267258735	0.114789868600366
"HKB0065_3006_T"	5.41733563937401e-15	5.41733563937401e-15	0.143206590173064	0.0279874475442719	5.41733563937401e-15	0.0623618423599215	0.494691328660704	0.0182454903994371	0.0399242044916224
"HKB0067_3006_T"	0.145405937829076	0.229267774779434	0.102718181262635	0.0937990740536398	7.1207846548278e-15	0.0500224723817939	0.00197046474445961	0.0587168485058506	0.141884306510675
"HKB0069_3000_T"	0.163989410793167	0.069848801071413	0.322047919931841	0.0189528316544581	6.68984703295614e-15	0.05551398429871	0.131885491147251	0.065110077698114	0.0390406527303199
"HKB0070_3002_T"	0.0666722690545811	0.147253673811084	0.0989138116078082	0.0914285047604718	8.11065409366915e-15	8.11065409366915e-15	0.000204169570406415	0.0273829987452325	0.146893358253446
"HKB0074_3000_T"	0.448965056754269	1.95666252351073e-06	0.0649408361402175	0.0164465140158153	0.0543215556781902	0.0577205333612197	0.0153640824042958	0.0339708920691985	0.149317191828752
"HKB0078_3000_T"	8.15284726556459e-15	0.00931113115521963	0.00571828379173542	0.00751380078460816	8.15284726556459e-15	0.111760391669138	8.15284726556459e-15	0.115381665775392	0.0598631006241218
"HKB0079_3006_T"	0.086477438138922	0.0717498680503787	0.310875905025745	0.0263018851848792	6.14793699495135e-15	0.0604780574740395	0.194807415539226	6.14793699495135e-15	0.0118633956829373
"HKB0080_3006_T"	7.73916082765578e-15	0.0623132453962195	0.0032516397304531	1.09559599065474e-08	7.73916082765578e-15	0.0184623445594494	7.73916082765578e-15	0.113498974414324	0.120872347021848
"HKB0082_3006_T"	0.0487025064802026	9.5072935836979e-08	0.375730637286448	0.0058780428801437	6.03998016566079e-15	0.0377948093722297	0.288059471442677	0.0166593375640098	0.00353769439918202
"HKB0084_3000_T"	6.70292046633986e-15	6.70292046633986e-15	0.276057613685538	0.0072250462742195	6.70292046633986e-15	0.126118381272692	0.294056716362236	0.0701968352440298	0.00115536828789428
"HKB0086_3006_T"	0.022891704648855	0.157557903555721	8.95367973448852e-13	0.118500238876059	8.49494011564842e-15	0.179221423524271	8.49494011564842e-15	0.164292666131205	0.15652950511126
"HKB0088_3000_T"	0.0554312592815589	0.103024538436451	0.15923916592346	0.0452001278547402	8.56709140406592e-15	0.181456382868565	8.56709140406592e-15	0.0924019301103084	0.210190809061143
"HKB0089_3001_T"	0.061442803048641	0.333394006727567	0.149447031829223	0.00075220137111599	7.14880523140986e-15	0.0906624371401863	0.0126961289626986	0.0354325079876534	0.025757499872541
"HKB0091_3001_T"	0.0452163869075912	0.0360822920960949	0.321354703582621	0.0333151948872519	5.17840950912278e-15	0.0539805287904517	0.359880597914815	5.17840950912278e-15	0.0329265207000968
"HKB0092_3000_T"	7.64174902158042e-15	7.64174902158042e-15	0.0224262813429519	7.64174902158042e-15	7.64174902158042e-15	0.0911265013928155	0.154717987349383	0.149826550725529	0.132416494136229
"HKB0094_3006_T"	0.133284078705361	8.80216217729859e-15	0.0854379604544633	8.80216217729859e-15	8.80216217729859e-15	8.80216217729859e-15	0.000380105466630617	0.08868021936728	0.103047602117253
"HKB0096_3001_T"	6.35920704766816e-15	0.0160088839657819	6.35920704766816e-15	0.00129764036872563	6.35920704766816e-15	6.35920704766816e-15	6.35920704766816e-15	6.35920704766816e-15	0.0448933702330553
"HKB0097_3000_T"	0.012373267596847	9.35362191105149e-15	0.00632392687444267	9.35362191105149e-15	0.00039753521242916	0.0119259327998236	0.0207282223776659	0.0028501452917017	0.0229189228450287
"HKB0098_3005_T"	0.11969487709928	0.0835070836463708	0.295593468118548	0.00523537514379885	7.70727995408695e-15	0.146031978352944	7.70727995408695e-15	0.063625049768617	0.0768883937343386
"HKB0100_3006_T"	4.35175175168219e-15	0.0103285596714747	0.0267599139090053	4.35175175168219e-15	4.35175175168219e-15	0.0520153761496202	0.000308457243012297	4.35175175168219e-15	0.0637778204083
"HKB0101_3000_T"	0.0854173504796997	0.0738690832167806	0.0407401734582074	1.03254949843942e-14	1.03254949843942e-14	0.266387668919578	0.019308193505241	0.121788117961456	0.0923327262737144
"HKB0102_3006_T"	0.0104178949585245	0.284647014970336	0.00862913540018391	0.0368789939013128	9.8331715315617e-15	0.0866690305103638	0.00382806877729177	0.0764404535626912	0.107252985821752
"HKB0104_3006_T"	4.5778084452819e-15	0.00594729259558052	4.5778084452819e-15	4.5778084452819e-15	4.5778084452819e-15	4.5778084452819e-15	4.5778084452819e-15	0.0795909525124322	0.0523164610228554
"HKB0106_3006_T"	8.05395523194799e-15	8.05395523194799e-15	8.05395523194799e-15	8.05395523194799e-15	8.05395523194799e-15	0.0223808863958746	0.0774610961553426	0.0289444152619794	0.0186176425085082
"HKB0108_3000_T"	5.70867919001179e-15	5.70867919001179e-15	0.00488291918459483	5.70867919001179e-15	5.70867919001179e-15	5.70867919001179e-15	6.85659670291857e-05	5.2199056098668e-07	0.101522517962407
"HKB0109_3006_T"	8.30544114930602e-15	0.0175104609177249	0.0582314397101674	8.30544114930602e-15	8.30544114930602e-15	8.30544114930602e-15	0.00512959631157161	0.0485262163337773	0.0161357673404525
"HKB0115_3006_T"	0.0638406787127354	9.56149099559921e-15	0.0531290758902217	9.56149099559921e-15	9.56149099559921e-15	0.0471472664511638	0.0286076557711683	0.0770508257485766	0.0429944284726747
"HKB0120_3000_T"	0.216647714540325	0.167627505084553	0.0572405800866528	0.200882900972992	0.153448261709603	0.118932640744771	0.0211549061402841	0.0307300685887663	0.0265240398509532
"HKB0121_3006_T"	0.00117644004690687	7.56558690358948e-15	0.0938652104612738	0.0258033076670578	7.56558690358948e-15	0.00256679213040346	0.00839978834671117	0.0264515396576428	0.048733070380733
"HKB0123_3006_T"	8.81978248934362e-15	0.156236775631137	8.81978248934362e-15	0.0284556651528617	8.81978248934362e-15	0.115165005729016	8.81978248934362e-15	0.062118613880297	0.0162643826203923
"HKB0124_3003_T"	9.63949182920306e-15	0.00303308422344456	9.63949182920306e-15	9.63949182920306e-15	0.0126336112224196	0.0259228026973524	9.63949182920306e-15	0.123280590647841	0.10493544040165
"HKB0125_3006_T"	5.38114104860431e-15	5.38114104860431e-15	5.38114104860431e-15	0.0355835616893177	5.38114104860431e-15	0.0597347535824665	0.282433378720154	0.0681109698923963	0.0979983345094148
"HKB0127_3006_T"	0.204019204536984	0.1298587406748	0.0340300558802749	0.0326422065275705	8.0974700073146e-05	0.00391277534784832	0.00247270953656073	8.75118575486273e-15	0.0374766924791522
"HKB0129_3000_T"	0.304739049933779	1.04964050121731e-14	1.04964050121731e-14	1.04964050121731e-14	0.171490655100846	0.0219912316506629	0.0321612670519925	0.0540794122863512	0.163133050466227
"HKB0132_3006_T"	0.0333035323772103	8.16176331632125e-15	0.0193611879522348	8.16176331632125e-15	8.16176331632125e-15	8.16176331632125e-15	0.0801068057121234	0.0626745069571382	0.00668148156455139
"HKB0134_3006_T"	0.0415810377788985	0.0445974630066672	0.245553378227563	0.091847405801483	5.41078642483342e-15	0.0628883041682958	0.403181510784732	0.0157391175353702	0.0128906356124724
"HKB0137_3002_T"	0.00371594796467039	0.0688683891233403	0.282917109155731	0.0439995270236277	7.40039059447796e-15	0.0310226001939448	0.00185899179536227	0.0821090979558817	0.0626820765931141
"HKB0141_3006_T"	0.0144751191050564	0.0578796485866402	0.00385872369254829	1.15514559085451e-14	1.15514559085451e-14	0.0593773314080163	0.0186045591768434	0.0796482443576197	0.118689880169391
"HKB0143_3006_T"	0.0418295519209863	0.192096617760296	0.150787610939467	0.172230486296955	0.00138215353333461	0.164340134678229	0.0297895779975298	0.151288104330673	0.00317908387657352
"HKB0147_3000_T"	2.42650151331276e-05	0.050349166292241	0.00246755361309904	6.80674519299775e-15	6.80674519299775e-15	0.0607051070462658	6.80674519299775e-15	0.0583336439588278	0.0538082210377353
"HKB0150_3006_T"	4.16334209846325e-15	4.16334209846325e-15	4.16334209846325e-15	4.16334209846325e-15	4.16334209846325e-15	4.16334209846325e-15	0.000326836311914847	0.0168129111463335	0.0450036041826373
"HKB0155_3000_T"	0.207688136808929	0.0446920322151375	0.123552721432914	0.0735311971869978	0.0324365582945807	0.145646349757397	8.95008014599524e-15	0.0663359090977002	0.0643985093421004
"HKB0157_3006_T"	0.00785909465291932	7.9556714503102e-15	0.0190778244677532	7.9556714503102e-15	7.9556714503102e-15	0.0472240668767984	0.376526126928835	0.0427392937582389	7.9556714503102e-15
"HKB0158_3006_T"	0.113351090439199	0.155020811172759	0.112544653217128	0.0876890199458498	0.0109475606053807	0.200330652472921	1.03302900993057e-14	0.134195793356562	0.103518296266775
"HKB0159_3006_T"	7.49192650957847e-15	0.0328085468447957	0.0817570485280126	7.49192650957847e-15	7.49192650957847e-15	0.0445369318406665	0.0231337227622747	0.271160268703032	0.066865648943734
"HKB0160_3000_T"	7.26254173455473e-15	0.0236668446120468	7.26254173455473e-15	0.0203868704156504	0.435501436280271	7.26254173455473e-15	1.19821792689835e-14	0.00446888116457205	0.0130999717945157
"HKB0161_3001_T"	0.152290085522837	0.0178546778965854	1.04342561614232e-14	0.0469215293341598	0.0633672662700175	0.263548944975164	0.0993991023216136	0.141616167691057	0.0211804794174035
"HKB0162_3006_T"	0.138100281063273	0.241601701215459	0.0842890543526103	8.24190324808103e-15	0.00136687144472485	0.052995151730004	0.181115210887718	0.135253231029725	8.24190324808103e-15
"HKB0164_3006_T"	0.136291611794013	0.24500273281746	0.067552486164779	0.0732739717391307	0.00997321055740051	0.155727765312824	0.0116089419129145	0.167342702822922	0.103486097850236
"HKB0167_3006_T"	0.153768528972981	0.0190003939101556	0.514032807993406	0.145986663647834	4.47256613264763e-15	0.0606885415464615	0.0505972378286911	0.0300940199009978	4.47256613264763e-15
"HKB0168_3006_T"	0.010595946304212	9.6030966386604e-15	9.6030966386604e-15	9.6030966386604e-15	5.92154359101633e-05	0.109281319014738	0.13258002804438	0.0947686225275372	0.152852969318451
"HKB0179_3006_T"	0.00221728339660826	0.0848978872523915	0.0938495509412267	0.03419330544256	9.73768061286453e-15	0.161976834973515	9.73768061286453e-15	0.31645113546878	0.0814833983062338
"HKB0182_3006_T"	0.00714277814243783	7.1164273888604e-15	0.0242174106720881	0.0627636053987088	7.1164273888604e-15	0.181827327335142	0.227688380592693	0.170841892557106	0.0396635963001834
"HKB0186_3000_T"	0.291552961092272	0.108497790776967	0.0621329193556062	0.179840914721889	0.131035345376759	0.177494092956631	0.00742173166673183	0.00890652313518519	0.010518970114346
"HKB0191_3001_T"	0.0604246045535217	0.165376848032031	0.181603023586197	0.00343977402718191	7.46575835159465e-15	0.209656139586091	0.0072165111151705	0.155366802842575	0.0214003449543397
"HKB0194_3006_T"	0.142210619819781	6.24594396066923e-15	0.33662226762291	0.0177421116712757	6.24594396066923e-15	0.0322678118522423	0.0753590091037829	0.155171707158624	0.0386244280653754
"HKB0196_3006_T"	9.05451504381317e-15	0.0328005669265375	0.017209991559028	9.05451504381317e-15	9.05451504381317e-15	0.0359049278757244	0.0199682148952061	0.312715285200095	0.00715023548784821
"HKB0207_3001_T"	0.218598156414854	0.119827320178296	0.11110361706265	7.87930073109928e-15	0.124628130632201	0.128767494210758	3.34373113091305e-09	0.0653203821890824	0.0206149003692355
"HKB0208_3006_T"	0.0534094564076436	0.0463340686814768	0.0374141528179873	8.95962876968412e-15	8.95962876968412e-15	0.309001282074829	0.051629965783557	0.161326227536036	0.126104211100393
"HKB0209_3004_T"	6.89174873425805e-15	0.129901821932019	0.144072385061079	0.0534239714296276	6.89174873425805e-15	0.280248401743291	0.0560272636296299	0.162140336609228	0.0727287105618506
"HKB0210_3006_T"	4.92088603172785e-12	0.00300527256937951	0.0698795028698954	0.00530766494740567	4.88291182403031e-15	0.0233713936407511	0.259248189697444	0.118120289350864	0.248396958005939
"HKB0211_3002_T"	0.0166656928937319	2.45534070672255e-14	0.0526450047553041	0.000783191661505494	6.80300552685267e-15	0.0727365618686553	0.514770937675004	0.106917679191081	0.0795446607983082
"HKB0214_3006_T"	0.130604592326917	0.0745945336979949	0.0766992044868918	1.49403504705536e-12	9.59773835510912e-15	0.0823056329993077	0.0833057145292874	0.201762722287069	0.0291449189103311
"HKB0217_3005_T"	6.69617890439634e-15	6.69617890439634e-15	0.00103368940808868	6.69617890439634e-15	6.69617890439634e-15	0.0326820293576908	0.124377443562135	0.104983097238358	0.0435847132812015
"HKB0219_3001_T"	9.39294311288323e-15	0.118987198397367	0.00459376657992694	0.0100299408673029	9.39294311288323e-15	0.127962601133058	0.00217688029276693	0.125778572160814	0.0693060557538616
"HKB0220_3000_T"	0.29255289614621	7.45062358088752e-15	0.264112710447221	0.0837881089501734	0.0378280799921594	0.0893952417175848	0.00304358576244938	0.0788649543182143	0.0702405828838508
"HKB0221_3001_T"	0.0648436739436844	0.117439612551161	0.188195566951654	0.0695639914225938	8.87591406880575e-15	0.127738845763208	8.87591406880575e-15	0.109820158710072	0.104104191295828
"HKB0222_3006_T"	0.0211221161629292	0.176119171403638	0.0312509790738436	0.0534099494031043	8.16397898043865e-15	8.16397898043865e-15	0.00489060425392833	0.198952479255161	0.0796923331855325
"HKB0225_3001_T"	6.38248105778736e-15	0.00741244876415156	6.38248105778736e-15	6.38248105778736e-15	6.38248105778736e-15	0.0656692729803345	0.000140874423401999	0.187767347395259	0.0366457847182237
"HKB0226_3001_T"	9.00664973144421e-15	0.118934577186123	0.0355185718224358	9.00664973144421e-15	9.00664973144421e-15	0.104123730030809	0.00561488104272995	0.152238521782294	0.121601558905248
"HKB0227_3006_T"	0.0446833218104372	0.140157060245187	0.115750316956191	0.0558723437427021	6.70409588914825e-15	6.70409588914825e-15	6.70409588914825e-15	0.0905414510696989	0.127050956792708
"HKB0228_3002_T"	0.00160441578306979	8.81842770121177e-15	0.0320625027831534	0.0771279601361283	8.81842770121177e-15	0.0207749963782051	0.0531639673978329	0.0799272117062414	0.111018230263833
"HKB0230_3006_T"	8.51310064734761e-15	0.0999787909000126	8.51310064734761e-15	0.100053843286909	8.51310064734761e-15	0.0427072034453327	8.51310064734761e-15	0.12753948890624	0.184365321093216
"HKB0232_3000_T"	5.70113096965282e-15	5.70113096965282e-15	5.70113096965282e-15	5.70113096965282e-15	5.70113096965282e-15	0.128339515070791	0.0268050436458174	0.109360946472571	0.0672314508740456
"HKB0233_3006_T"	0.00505646959212683	3.30816014351145e-15	3.30816014351145e-15	3.30816014351145e-15	0.00666197377425389	3.30816014351145e-15	0.0665194228920544	0.0288963793609051	0.00763919239116637
"HKB0540_3000_T"	7.33719076481613e-15	0.0691724254534775	0.056521949441782	7.33719076481613e-15	7.33719076481613e-15	0.00537757423440072	0.00955662361048332	0.23379747102202	0.105992100213929
"HKB0552_3000_T"	0.00592947691045892	0.0353720614778639	0.00022242581293263	0.0477395051287493	0.1370192339792	0.0550158306578384	1.23107656351323e-14	0.161559139781237	0.0944033203193013
"HKB0558_3000_T"	0.0170973583062491	0.0233994310432447	0.0491311807319786	1.21522240734814e-07	1.04740635501302e-14	0.148230403730446	0.0359853898251258	0.318783805245117	0.0740296881265887
"HKB0564_3000_T"	0.049700173387446	1.06295930930763e-14	1.06295930930763e-14	0.000791717182678246	1.06295930930763e-14	0.19129841446654	0.025833126724172	0.272788921865801	0.112487650968593
"HKB0573_3000_T"	0.34137335312694	7.55309908519885e-15	0.170227926237218	0.0858980113680503	0.0339575769220914	0.0901914588637468	0.13474991772042	0.0555697245661188	0.0434945775050695
"HKB0576_3000_T"	0.0422931232020998	0.110611425354499	0.131514544647872	0.246424644290366	5.68729093863676e-15	0.270699218718571	0.00544037087301895	0.128629982962729	0.000390138033147467
"HKB0579_3000_T"	0.297995555421285	1.14434905460372e-05	0.136344881752516	0.0323345629569467	0.00918263834361415	0.171453638020969	0.0212310234819774	0.170850311361041	0.0995926561642305
"HKB0585_3000_T"	6.44980383291042e-15	0.0272679250005058	6.44980383291042e-15	0.00262059415777639	6.44980383291042e-15	0.0271640047051519	0.0161543776092791	0.0329573606186818	0.157467643225782
"HKB0599_3000_T"	7.21265597517909e-15	0.0793477238287997	0.148263450710218	7.21265597517909e-15	7.21265597517909e-15	0.107864081324628	0.00473715203252733	0.399092933774657	0.00331171059289673
"HKB0605_3000_T"	0.0511611057945362	0.0652567937143146	0.178423059991643	9.65353360205218e-15	9.65353360205218e-15	0.0805827608599617	0.037991146795044	0.164324678967477	1.11364751381244e-09
"HKB0620_3000_T"	0.0565470848638529	8.69610723516446e-15	0.0171350153792698	0.000402983663573889	8.69610723516446e-15	0.00318438451632942	0.152044137707486	0.101169553076633	0.0969209247897937
"HKB0626_3000_T"	6.10168337627503e-15	6.10168337627503e-15	0.0162604697466524	6.10168337627503e-15	6.10168337627503e-15	0.00557393566974435	0.225198300742702	0.00552249170837136	0.0580197195380742
"HKB0629_3000_T"	6.66266325384837e-15	0.133035657707567	0.0149294125980248	0.0111301683130057	6.66266325384837e-15	6.66266325384837e-15	0.00431465923434741	0.0727968337197502	0.0512173089296423
"HKB0638_3000_T"	0.00173072637015808	0.0539172557556584	3.24510974780048e-08	8.10558782540982e-15	8.10558782540982e-15	0.16553270002689	0.0319447905456471	0.258618166587326	0.074878529397314
"HKB0644_3000_T"	4.87293752730869e-15	4.87293752730869e-15	0.00494531872776024	4.87293752730869e-15	4.87293752730869e-15	0.00354521221472622	0.411946043930578	0.0292828133208709	4.87293752730869e-15
"HKB0650_3000_T"	0.139748437163589	1.26727490727894e-10	0.106584765927737	6.93176488515465e-15	6.93176488515465e-15	6.93176488515465e-15	0.178845768284631	0.205169276601209	0.0168392180451373
"HKB0653_3000_T"	0.0017648859768038	3.69603561562006e-09	0.0692690671879582	8.29968657857351e-15	8.29968657857351e-15	0.107479158418409	8.29968657857351e-15	0.175360923433172	0.0578101491964355
"HKB0656_3000_T"	8.68439358099172e-15	0.0257424856711604	8.68439358099172e-15	0.046617156736902	8.68439358099172e-15	0.022494192136269	0.00573112223955642	0.183762563478392	0.0310471481636063
"HKB0659_3000_T"	0.159895631361681	4.23263535823928e-15	0.267631542105756	0.0509474381646214	0.000252700115872292	0.00851873260507613	0.411256083617032	3.48390323458044e-12	0.00311314933547673
"HKB0665_3000_T"	7.62405297913027e-14	0.0176431400314085	0.000503495995442397	0.00881850278447401	8.22382898731062e-15	0.373262784098469	8.22382898731062e-15	0.178590176847229	0.00501106788260388
"HKB0668_3000_T"	0.0239240193215954	0.151628465181346	0.0938263441871812	7.73907584241372e-15	7.73907584241372e-15	0.118210132915589	0.108673828124412	0.154947836537813	0.128168124849607
"HKB0674_3000_T"	0.324221155532954	5.20106236111333e-15	0.364698541965479	0.030520862171871	0.0185827166807728	0.128465109160401	0.038551783553701	0.0416117340728976	0.0176116371759123
"HKB0677_3000_T"	3.13709113563235e-13	0.0529833927782727	0.00124207741837628	0.0694283225198191	7.20219487434635e-15	0.0321894591563892	0.480180547983967	0.0248747254680125	7.20219487434635e-15
"HKB0683_3000_T"	0.12403682166688	0.00579934697949001	0.178459784536423	8.75977784944784e-15	8.75977784944784e-15	0.00645826130065826	0.0252391879459733	0.000329844302657917	0.0127403118768704
"HKB0692_3000_T"	0.00233819162866101	0.00255169287362276	5.92889646353853e-15	5.92889646353853e-15	5.92889646353853e-15	0.12238050404811	0.0970434311498	0.0576480239982987	8.96827721077976e-11
"HKB0698_3000_T"	0.0167428682162492	0.07221648320948	0.0622030058954714	0.0465016115939378	8.05317776529769e-15	0.185079777013236	0.00878488057797162	0.190443106623799	0.085015461171393
"HKB0701_3000_T"	6.73167132494601e-15	0.126217431982755	0.0729459011778629	0.124138330251018	6.73167132494601e-15	0.387928623346574	0.000141341707577709	0.112938931831526	0.0173615021635399
"HKB0704_3000_T"	5.3679702680016e-15	0.0235245121333201	0.0188929136125091	0.0270043531295393	5.3679702680016e-15	0.00136618227113041	0.0324936587643345	0.150209172495236	0.00481767328864563
"HKB0710_3000_T"	0.0586090964717213	0.0293414867087513	0.419641641495895	0.0318762530148513	4.73645398593691e-15	0.0226346741940961	0.245995834184741	0.0171818575172485	0.00905636578331206
"HKB0713_3000_T"	7.03063482284026e-15	0.0455813849646943	0.00882730906820213	7.03063482284026e-15	7.03063482284026e-15	0.067277766617029	0.00372811943547754	0.164841199821888	7.03063482284026e-15
"HKB0718_3000_T"	0.0700348588991011	5.76226538941385e-05	0.384972393092678	0.0661386224579243	0.000799501267580999	0.0614294282433827	0.133122961852406	0.138492581614017	0.0279493049586179
"HKB0719_3002_T"	0.105342991039054	0.0170187891589048	0.00258176859027695	1.08449186980265e-14	0.0492975692877469	0.0862202916858657	0.123066685377526	0.0181233326162518	0.0703818579732698
"HKB0721_3000_T"	0.00109844501517251	7.61389317083984e-15	0.0371298917772859	0.00689328240285208	7.61389317083984e-15	0.0361108277570645	0.115295963282507	0.207430082512443	0.0822007784974102
"HKB0722_3002_T"	0.00508881810827988	0.118204875052076	0.157994288402907	8.51462695624916e-15	8.51462695624916e-15	0.0987657730892038	0.0703215739147418	0.101566970738062	0.0804291000489724
"HKB0726_3000_T"	8.32965450789133e-15	0.12845976293873	0.00926500405621957	0.00663827781230819	8.32965450789133e-15	0.0109083246185323	0.0360628547425215	0.225119255131346	0.0591753702628217
"HKB0734_3000_T"	8.66579546589819e-15	0.000709655656018748	8.66579546589819e-15	0.00583084320687591	8.66579546589819e-15	0.139769253997748	0.0144272233202441	0.0855870278745694	0.150793393255559
"HKB0736_3000_T"	0.428215334294361	5.08772064569071e-15	0.321428522611689	4.75537974621904e-10	5.08772064569071e-15	0.00351870013857234	0.0132516672892715	0.0519528683212557	0.0805373732316622
"HKB0737_3000_T"	0.088606262251083	0.0212775851405905	0.139463398247649	0.0254423174206479	0.000801110279510955	0.35232276541877	0.0101766765609392	0.165790525308121	0.0028384041969542
"HKB0744_3000_T"	7.18900916882332e-15	0.0621429701298198	7.18900916882332e-15	0.0211556651537586	7.18900916882332e-15	0.153553222830481	0.0523055960887147	0.0544109478611757	0.0864065591781273
"HKB0748_3000_T"	0.0378182555564711	9.02731543138287e-15	0.0826313026806856	9.02731543138287e-15	9.02731543138287e-15	0.0489327136199519	0.0322081412984778	0.307927001919455	0.0906831743465294
"HKB0750_3000_T"	0.0231192900039633	0.0678596281654163	0.0340313293030082	0.0393804609278854	7.10261263577909e-15	7.10261263577909e-15	7.10261263577909e-15	0.0818296550491079	0.079390967689317
"HKB0751_3000_T"	0.310705227991716	0.00250130275228759	0.314150197310046	0.0136879849493563	0.0110556477099319	0.0221654300217552	0.0630185169005542	0.0610903114660808	0.0587652346229221
"HKB0752_3000_T"	0.118967776065365	0.169860141000221	0.388620015081562	0.0114488782757021	5.86745880114767e-15	0.0207057057135799	0.0216496658651489	0.113332275827782	5.86745880114767e-15
"HKB0004_3000_N"	0.0957635768260647	0.0340864588755615	1.17928938349601e-14	1.17928938349601e-14	0.2365193056336	1.17928938349601e-14	0.0422210722584342	1.17928938349601e-14	0.196604838030679
"HKB0005_3000_N"	0.0616199386719172	0.115227154747679	1.04895114718767e-14	1.04895114718767e-14	0.148142186149206	0.0210555891643194	0.156731357362566	0.0762661527442243	0.0780789609428213
"HKB0006_3000_N"	0.075956006437485	0.00549869668344466	1.06166193727491e-14	1.06166193727491e-14	0.225641063044554	0.00689689320839963	0.0847228663827961	1.06166193727491e-14	0.224640488366918
"HKB0019_3000_N"	0.0211153140294096	0.0265370642458849	1.02562696261331e-14	0.0206945393636593	0.50217711335278	0.000670385000014275	0.0809073932909302	1.02562696261331e-14	0.112607593416857
"HKB0023_3000_N"	0.0634499184633878	0.0548910188998553	8.85927670192805e-15	0.0963219970665248	0.484896244344984	0.00195596016369281	0.0230419177298348	8.85927670192805e-15	0.080574698247943
"HKB0033_3000_N"	0.0310897371809049	0.123348789884657	8.78868684078345e-09	0.111020174395795	0.532594745774045	0.00710287006526563	0.0497223600646089	0.00957015780699575	0.0517196346321706
"HKB0035_3000_N"	0.026728132607034	0.0104164199888229	1.09071039693735e-14	1.09071039693735e-14	0.160065893531771	1.09071039693735e-14	0.0969177040732412	1.09071039693735e-14	0.142113961001912
"HKB0036_3000_N"	0.0325175942923037	0.112956699110363	1.12171906135082e-14	0.00641288152407682	0.22232601994564	0.00216053272154901	0.109151809381846	1.12171906135082e-14	0.147467933557994
"HKB0038_3000_N"	0.101349608911007	0.248517048307764	0.0114654331329679	0.041616980711434	0.154289553414122	9.67512475446367e-15	0.109515569977673	0.0146637234188144	0.161436545304933
"HKB0040_3000_N"	0.151222677668642	3.15114840221097e-06	0.0674116597298761	0.0154180563339112	0.348746498412942	0.0272655636423053	0.0254331162384963	0.024834725548872	0.259482737911442
"HKB0044_3000_N"	0.0229797676774067	0.00235618973294572	1.0691275944911e-14	1.0691275944911e-14	0.103181404184818	1.0691275944911e-14	0.140463133108621	1.0691275944911e-14	0.203409634879598
"HKB0049_3000_N"	0.128257944155728	0.136314766126113	7.38712636755408e-06	0.248032980973574	0.383454444512972	0.0815711515538877	0.0049566594168998	0.00849552741947238	0.000455372830198564
"HKB0050_3000_N"	0.0609252656082189	0.0214614721758918	1.13684006397796e-14	0.0188995664655481	0.360234965727618	0.00683658617684245	0.104439243296658	1.13684006397796e-14	0.15586287468221
"HKB0052_3004_N"	0.109029743589492	0.0561426049961839	0.033414191469967	0.149253863341598	0.451883228600177	0.0420381277560107	0.0604711132236456	0.00056552322071166	0.0144769869507571
"HKB0064_3000_N"	6.27557369359695e-15	1.63809797242088e-13	6.27557369359695e-15	0.0237912371176991	0.361000545361435	6.27557369359695e-15	0.0160640310802707	0.00550262768584413	0.0211188534779323
"HKB0067_3000_N"	0.0767902951625113	0.172004720502701	6.37884065786806e-08	0.241977582785514	0.344801132151016	0.0230003920993802	0.0253108739738176	5.61341128872514e-15	0.0219803199549024
"HKB0074_3003_N"	0.0490673159762701	0.0213194351831576	9.7707023954815e-15	0.0818978170759496	0.541208393728385	0.000522791869189548	0.0600494172742096	1.79316765007625e-06	0.0573300625846209
"HKB0079_3000_N"	0.0395464859945158	0.0209093944141354	9.29462820133712e-15	9.29462820133712e-15	0.0889489725541391	0.0100283973168449	0.0483630973628113	0.0697364648000938	0.389929289909891
"HKB0094_3000_N"	0.062379916371103	0.0351082244353451	8.38489548721528e-08	0.0108466017132231	0.486972335981745	1.12404605687248e-14	0.103046871747129	1.12404605687248e-14	0.0489789964278232
"HKB0096_3000_N"	6.82829105171979e-15	6.82829105171979e-15	0.023166055441136	0.0377983600895732	0.476499666000039	0.00765208169184751	0.0120076991003032	5.91780866211909e-10	0.0693872049328878
"HKB0097_3004_N"	0.0793618120970038	0.0552784804850961	0.0080187661527278	0.227266179662488	0.455375157961743	0.00652302743959492	0.0301943463699019	6.75047895087397e-15	2.29679797931911e-07
"HKB0098_3000_N"	0.0516295672552669	0.0574753208689601	6.9181136284499e-15	0.12625107769843	0.441851802378042	0.00473034136838641	0.010299236699571	6.9181136284499e-15	0.0368376721854748
"HKB0102_3000_N"	0.0449625689205753	0.042465219438481	9.9101137769409e-15	9.9101137769409e-15	0.452915690103166	9.9101137769409e-15	0.0711919125919878	9.9101137769409e-15	0.106776719715724
"HKB0106_3000_N"	0.0223678591781454	0.0406297749815394	6.25840063205595e-15	0.141720731862672	0.438432526999199	0.0159356087781489	0.00740473615741789	6.25840063205595e-15	0.0217266756469899
"HKB0109_3000_N"	0.129637629340354	0.150295884075838	4.80450360074109e-15	0.265227480988264	0.31249235922353	0.0567412321104665	0.0275621090157885	4.80450360074109e-15	0.0263446419976645
"HKB0115_3000_N"	0.0216618723691585	0.0543093049134376	8.49250804097276e-15	0.1472722963828	0.532515694345226	0.0482393207784151	8.49250804097276e-15	8.49250804097276e-15	0.0410800076786902
"HKB0120_3002_N"	0.0322618443377099	0.00436581688035192	9.99298798257441e-15	9.99298798257441e-15	0.207614818191941	9.99298798257441e-15	0.109230164098824	0.0173341813768879	0.124064579205351
"HKB0121_3000_N"	0.0159712078669563	6.57365282273236e-15	6.57365282273236e-15	0.139362907535032	0.458625734389645	0.0211573203864776	9.40158733688998e-05	6.57365282273236e-15	0.0274171510526108
"HKB0122_3002_N"	9.4650265808499e-15	9.4650265808499e-15	9.4650265808499e-15	0.103469596331199	0.470122421519955	9.4650265808499e-15	0.13956717599401	2.52419976944041e-09	0.067855468191453
"HKB0123_3000_N"	6.52827923674479e-15	0.0428741623011976	6.52827923674479e-15	0.0971748306947197	0.414177212564931	6.52827923674479e-15	0.00435641547414874	0.00334724012341454	0.000313221285203716
"HKB0124_3000_N"	0.00516761342118771	0.0582050394270467	6.33555440648611e-15	0.0620562683517775	0.411113916300225	6.33555440648611e-15	0.0204313576781732	0.00295578433253366	0.0213299476687065
"HKB0127_3000_N"	9.39695556181252e-15	0.0103906081528662	9.39695556181252e-15	9.39695556181252e-15	0.0214164837678206	9.39695556181252e-15	0.155606261085712	0.0010463925870518	0.165970856287443
"HKB0129_3002_N"	0.0393103772524754	0.0332120016589057	7.24878806884798e-08	0.160473281021423	0.452018074617093	0.0237195226205682	0.0652679663147666	6.87337595960852e-05	0.0531856982586877
"HKB0132_3000_N"	0.0249467669528505	0.115150417405735	6.44489652867289e-15	0.204764058769915	0.457651707884998	0.00525846084191218	0.0676384597241538	0.00645328647438667	0.0132690265351487
"HKB0133_3000_N"	0.0242068659951198	0.119248142387628	0.0220644494834145	0.160572335132831	0.445395119245276	8.5265494095858e-15	0.0727929655313812	0.0118046664694378	0.078747214852919
"HKB0134_3000_N"	7.62791045068237e-15	0.00509813819304681	7.62791045068237e-15	7.62791045068237e-15	7.62791045068237e-15	7.62791045068237e-15	0.0112623319242712	0.00983627427095392	0.0499492267775386
"HKB0137_3000_N"	0.0401677849991139	4.69933329791266e-07	1.09988467635418e-14	0.048028130158399	0.314518269281068	1.09988467635418e-14	0.028612203317012	1.09988467635418e-14	0.145602445077972
"HKB0141_3000_N"	8.73304783942894e-15	0.00311360731739196	8.73304783942894e-15	8.73304783942894e-15	0.0460837319877904	0.00456694734624497	0.0752625901477803	0.0131004931262333	0.086305186767871
"HKB0143_3000_N"	0.0102188801162271	0.00537995841876679	0.00308257855872128	0.019969514727451	0.54301162872263	0.0128252862382311	0.0590327236481594	1.13689487607529e-09	0.130765933733867
"HKB0149_3000_N"	1.16465587490347e-14	0.0310419823724656	5.71433422435726e-07	0.0195423912337192	0.248006903824669	0.0791430711070976	0.136676598039641	0.00668110822744398	0.0842509195755275
"HKB0150_3000_N"	1.80520740315632e-05	0.149619115824993	0.00759804431556019	0.000670384975861788	0.331559938899959	0.000751707523531604	0.0984144677329976	0.05925246987195	0.107262495460822
"HKB0155_3003_N"	6.62323144829196e-15	6.62323144829196e-15	6.62323144829196e-15	0.0189200574600394	0.381845496430732	6.62323144829196e-15	6.62323144829196e-15	0.000364291717156006	0.0310808234722087
"HKB0157_3000_N"	0.0303726800033637	0.0501385066566366	0.000979126075097705	0.222560163044002	0.408975685975117	0.0512120090124288	0.0217859272084902	5.61931826206948e-15	0.00856960825850947
"HKB0158_3000_N"	0.0715578501612013	0.0607332043402289	9.71705309837752e-15	0.111688474864834	0.425472807610657	9.71705309837752e-15	0.0742802194434905	9.71705309837752e-15	0.00877269000486785
"HKB0159_3000_N"	0.0336668787253387	0.070125929373918	0.00395686360665679	1.02290116252058e-14	0.423192514068832	0.00560237591970567	0.110570987493634	0.0378854100276362	0.123328226872846
"HKB0160_3001_N"	0.0316255603932188	0.0466974436961428	6.34491319871682e-15	0.143863735031834	0.45406768300989	0.0294532419570169	0.0386174651772491	6.34491319871682e-15	0.0115970369148651
"HKB0161_3000_N"	6.63797698293384e-15	6.63797698293384e-15	6.63797698293384e-15	0.0744072460540218	0.367190808626435	6.63797698293384e-15	0.00656604528606161	0.00746381107033275	0.00176036653297296
"HKB0162_3000_N"	0.0600675058648698	0.0693006660352792	6.75068765544985e-15	0.241266542587754	0.482495750045843	0.0397203926628864	0.0146857611258304	0.0224217141592207	0.0161455694375582
"HKB0164_3000_N"	1.08846753074442e-14	0.0435872956130467	1.08846753074442e-14	0.0945299724483023	0.251323346263936	0.0203333349697418	0.0990923983681542	0.122471627078917	0.251758771583289
"HKB0167_3000_N"	0.106145763425921	0.0549860141106292	0.0695974071099907	0.0855084186070433	0.347846508489457	8.70144084059449e-15	0.173985846830399	0.027570666004427	0.0526463203339579
"HKB0168_3000_N"	0.0145491117858248	0.0292801484403835	8.5935943671974e-15	8.5935943671974e-15	0.0438973917174487	8.5935943671974e-15	0.0849739988836098	0.0472269294764775	0.134465942451851
"HKB0179_3000_N"	0.050110290676516	9.50743857485434e-15	0.00191366103040462	0.0581310885340869	0.5156803583483	0.00250531839765453	0.0593628471237685	0.0209903344125152	0.0832658662934377
"HKB0186_3002_N"	0.0622460471790034	0.0138597467784035	9.87024727007757e-15	9.87024727007757e-15	0.354164008192189	4.48869496302511e-08	0.0938171634726734	0.0320322843668325	0.198095759735185
"HKB0194_3000_N"	0.0495495903088193	9.95378761715978e-15	9.95378761715978e-15	9.95378761715978e-15	0.175181866641997	9.95378761715978e-15	0.104298130057525	0.00637423200113935	0.115034231635262
"HKB0196_3000_N"	0.0586489975482606	0.0109152029574555	0.0414078201730752	0.0814743885756582	0.523729071349359	0.021635045116277	0.0730702774386426	0.0235618604424501	0.0984642715034162
"HKB0198_3000_N"	0.125353046766948	0.0509137856699176	0.046534056040756	0.0897363618370263	0.400479206340046	0.0051508983213111	0.030282977103069	0.0840864474198064	0.147151614905915
"HKB0207_3000_N"	0.0450168455624611	0.0830904365330868	0.000143883609367918	0.226602638541905	0.40370204450083	0.0022170365109616	5.94819271344366e-15	0.00390738440839569	0.00949248116756565
"HKB0210_3000_N"	0.0205830018495517	0.000484164909847942	0.0697802772596563	0.128961840429606	0.280021889970637	0.0196709399265604	0.233064423290253	0.0106935726299704	0.172332247971872
"HKB0211_3000_N"	0.118133923936539	0.00416395657177186	0.139659911063665	0.154909197744783	0.375490280233993	0.0396648036232458	0.0273243754532671	2.58118126715364e-05	0.0103747660665978
"HKB0214_3000_N"	0.0681134677955528	0.0740063344802808	0.016822120182879	0.00763521757703163	0.33713231132262	0.0555037427415162	0.0942226250905261	0.0898708638561243	0.13480250164362
"HKB0216_3000_N"	0.0397541515466782	0.0024051201986169	0.337241177952505	0.110825732709002	4.12197031714248e-15	0.221720145109863	0.238686543545901	0.00257931725752673	4.12197031714248e-15
"HKB0219_3000_N"	0.180163253291033	0.0853364561482734	0.000958431081535247	0.17967023924863	0.416224588404374	0.0149060190563878	0.0299163813147979	0.0170357487271688	0.0373477092082501
"HKB0220_3003_N"	0.0807691258532648	0.123881892904385	0.114386998757333	0.314808113257836	0.255529405863009	0.0100321980082963	0.0401907295180852	0.00366888034161877	0.00603574836717731
"HKB0221_3000_N"	0.105029001127585	0.0472003663113384	8.01429513886992e-15	0.0791987647131912	0.462084403715228	0.0169346656288972	0.0608853638006457	8.01429513886992e-15	0.128506719016805
"HKB0222_3000_N"	0.067111992161485	0.108223056150115	9.1250581411854e-10	0.224499972914456	0.354206854381533	0.0672734500378365	0.0799092916391693	0.0531397569706286	0.0440839924671978
"HKB0225_3000_N"	0.0590353566453335	1.04736426483153e-14	0.00859783638071613	1.04736426483153e-14	0.0936597203850075	1.04736426483153e-14	0.0991610225708999	0.10719172407953	0.186632829806763
"HKB0226_3000_N"	0.000140234759599462	0.10562323743616	5.9897141719683e-15	0.184567970022286	0.388081659945917	5.9897141719683e-15	0.0413775376411897	0.00239121123974683	0.0158309405260649
"HKB0227_3000_N"	0.0211861146816559	0.0755844195075873	7.85853251654645e-15	0.135568715414887	0.485760835760825	0.00504817168946044	0.0392819956036644	0.0161682651750678	0.0907166758804828
"HKB0233_3000_N"	0.0179440659378836	0.0861864864760246	1.08245592304325e-14	1.08245592304325e-14	0.0550300886803306	1.08245592304325e-14	0.204944741321028	0.0504085616762132	0.205756432041585
"HKB0538_3000_N"	0.0936901449270815	0.00763624753332349	8.79176144397068e-15	8.79176144397068e-15	0.119877405068498	8.79176144397068e-15	0.0989060311165772	0.121710645397787	0.167895685668307
"HKB0562_3000_N"	0.0256391268342923	0.00515898834487014	9.35747935305188e-15	9.35747935305188e-15	0.0631223196061101	0.00700872428317784	0.153753542061299	0.10933664538977	0.21203546730774
"HKB0571_3000_N"	0.0462913340356116	0.0288182696815608	6.88309156177655e-15	0.169365338300422	0.480723235647895	5.76853617285642e-07	0.0512018456291153	0.055538187259997	0.0482598372706255
"HKB0574_3000_N"	0.0834141444095313	0.07043743235247	5.51546837633315e-15	0.254787654367332	0.397782317268651	0.0164487690021263	2.21341107669465e-13	0.0403897458784113	0.0239048407754838
"HKB0577_3000_N"	0.0834465568828136	0.0296414052517193	0.0433353809165017	0.1515493434173	0.472967281319145	0.0945924621156427	0.0291652777628423	0.0382660605886061	0.0317440035340294
"HKB0583_3000_N"	7.5834108006573e-15	0.0176302427933778	7.5834108006573e-15	0.0760235361911315	0.439419948943017	7.5834108006573e-15	0.0503432824765542	0.0187639349685038	0.0386952470298623
"HKB0597_3000_N"	0.0746738633287715	0.0350816866221034	5.28781855024787e-15	0.245168794735258	0.421823011973218	0.0106140703752708	0.0791541185439767	0.00876378652797897	0.0418017219995434
"HKB0618_3000_N"	0.0553672174469951	0.040457162693666	2.25090498724836e-14	0.240410799156583	0.429946044723907	0.00151513295398014	0.0339983398432551	0.0182020010023447	0.00399328214211236
"HKB0636_3000_N"	0.0924568750863971	0.0667089373492544	0.00853696910316574	0.143200560778169	0.275328997943169	7.92195971470756e-15	0.117639035860194	0.0863090670235905	0.0549029625903743
"HKB0648_3000_N"	0.175775624529375	0.162604734457776	0.00215358995352621	0.246052808067922	0.238384079969359	0.0206970457071495	0.0779227387119215	0.0133103596455539	0.0222214998822059
"HKB0651_3000_N"	0.0899018159929222	0.00166889757689613	8.86443837424594e-15	8.86443837424594e-15	0.0966328333723068	8.86443837424594e-15	0.0213366135986658	0.0263662362527138	0.0438371045306646
"HKB0657_3000_N"	0.0200702807551717	0.0092467483596507	9.73215056591649e-15	1.03421290863334e-08	0.310669275407052	9.73215056591649e-15	0.182028534089492	0.0359337573347876	0.0290202873429854
"HKB0663_3000_N"	0.0191940016741897	0.0499826622593197	9.49686183342016e-15	0.221820590517751	0.444562854488806	0.0110369854690113	0.0184166945501645	0.0387377808013992	0.0300863691750295
"HKB0666_3000_N"	8.79238318455628e-10	8.11328286053758e-15	8.11328286053758e-15	0.0477905913797501	0.464784213518764	8.11328286053758e-15	1.97970624811545e-13	0.0202641746980321	0.0317564784299345
"HKB0672_3000_N"	0.111843769756121	0.0186104108914831	0.0572829746694486	0.297699019581129	0.34922208193508	0.00325170284360482	0.0620107499315857	0.00931401068340749	6.9559146863342e-15
"HKB0710_3001_N"	0.0352275510160965	1.869249951574e-05	0.0123803933541685	0.033995236345172	0.51808001160496	9.46484340857213e-15	0.100244587300828	0.00765748195865296	0.125888266076352
"HKB0718_3001_N"	0.0980367671839994	0.0893135946122167	0.0494751919494401	0.0490222820953301	0.394460997464133	8.63682839048292e-15	0.110203055114514	0.0684848888826167	0.0526227234395341
"HKB0719_3001_N"	0.00932874759439656	6.58406625541475e-15	6.58406625541475e-15	0.045159862512707	0.43472706805128	0.00752956092821499	0.076229690369807	0.000513777456941863	0.0643081880364458
"HKB0722_3001_N"	0.023874778227171	0.00961308970490393	1.06853305772336e-14	1.06853305772336e-14	0.309662527929055	1.06853305772336e-14	0.0659136051288749	0.0665363086890898	0.164682962303707
"HKB0744_3001_N"	0.0193246740637872	0.0656250927677788	0.0101052763510608	0.233385787839286	0.332522875861015	5.60915089645071e-15	0.0280355324874713	0.0206307654162256	0.0206343880862583
"HKB0748_3001_N"	0.0804262915581157	0.00742869293258606	0.0102446908259505	0.243289704351181	0.397484867938438	0.0699141802491783	6.16838072314256e-15	0.0840426746606078	0.0516858537270415
"HKB0751_3001_N"	9.04292778434344e-15	9.04292778434344e-15	9.04292778434344e-15	0.0347339268044226	0.502434936115188	9.04292778434344e-15	0.0951047876735092	0.052950023785604	0.0254648736420045
"HKB0752_3001_N"	0.0440364170790582	9.43262617225022e-15	9.43262617225022e-15	9.43262617225022e-15	0.243649191602105	9.43262617225022e-15	0.0336077147128255	0.0690072549204978	0.0771601274041058
