"ID"	"S01"	"S02"	"S03"	"S04"	"S05"
"HKB0004_3006_T"	0.0084636099142416	0.212145504650321	0.00380497093859036	0.028042707316854	1.44936370153432e-08
"HKB0005_3001_T"	1.1414838395201e-14	0.0952857513613458	1.1414838395201e-14	0.0527375491267912	1.1414838395201e-14
"HKB0006_3006_T"	9.98806478262209e-15	0.117558178268181	9.98806478262209e-15	0.230500805081526	9.98806478262209e-15
"HKB0007_3005_T"	0.192931707210048	0.121362312159936	1.30136039190997e-14	0.0179735522900203	0.416590585370776
"HKB0008_3006_T"	0.078779286616397	0.103707693318025	0.0682184755351758	0.254766808508314	0.379559213071946
"HKB0016_3006_T"	0.107945607895623	0.14432668464397	1.23038269314194e-14	0.127869056784274	0.383451633740939
"HKB0019_3006_T"	0.00915505603442227	0.111771920144213	0.0123116739658075	0.0316435774112209	8.27261173704202e-12
"HKB0023_3006_T"	0.116151911478889	0.0478377317763198	0.0426650312607697	0.16237297102812	0.104658966568406
"HKB0031_3001_T"	0.0513188444861675	0.199219761996719	0.00637520994304607	0.0741539719480634	0.226560537898083
"HKB0033_3006_T"	1.84161882964045e-14	0.0588797197878849	1.84161882964045e-14	0.17282712710696	0.0736655399600605
"HKB0035_3006_T"	0.15258578324317	0.0998960565432906	1.4130701169275e-14	0.128389029245117	0.334542921173862
"HKB0036_3006_T"	1.29002555818788e-14	0.0660607295939426	0.00337746443732682	0.0417658559865318	0.0329288316828309
"HKB0038_3006_T"	1.34903373351705e-14	0.0311479844470671	1.34903373351705e-14	2.04893334820445e-06	3.64789266023261e-07
"HKB0040_3002_T"	0.561010333102855	0.113741776650467	3.70693770199018e-15	0.031160159589403	0.23113956733973
"HKB0044_3006_T"	0.142558161896925	0.0690783429622056	9.89073182040825e-15	0.0795456148333006	0.456815451802912
"HKB0049_3006_T"	0.0466728597858834	0.0450214622560199	0.254687370585695	0.10094198924101	0.191338700159986
"HKB0050_3005_T"	0.424143535008018	1.04860252263995e-14	1.04860252263995e-14	0.0130486042859528	0.541738043179104
"HKB0052_3000_T"	0.314575326189429	0.13556393677988	0.119990722843426	0.0585658545199968	0.240112640095662
"HKB0054_3000_T"	0.539868590715185	0.0666303828241217	0.0190971568929466	0.0407255280972937	0.259468359287714
"HKB0056_3002_T"	0.086022732568298	0.280126898172678	1.22375398968237e-14	0.0055257704433216	0.199053707188535
"HKB0064_3004_T"	0.000337716160656898	0.0408287569786987	0.138244892604752	0.195351411946732	0.267494476331671
"HKB0065_3006_T"	0.0925288215408483	0.0908119381806853	1.36548207006061e-14	0.012675720141419	0.233907768298759
"HKB0067_3006_T"	0.113386546004721	0.0246498634915995	0.10055495383234	0.0738624778615203	0.42563214798723
"HKB0069_3000_T"	0.570686556522328	0.0529471654396926	7.81148282676649e-15	0.0348974326986393	0.266847180676483
"HKB0070_3002_T"	0.000330198920373814	0.0472524783751521	0.039566946784376	0.0577092051147146	0.202707161502627
"HKB0074_3000_T"	0.403296901312877	0.041225991353332	0.0808313183146476	0.0517345628821453	0.248490115689131
"HKB0078_3000_T"	1.25375799195477e-14	0.0383634345078376	0.00841442044025582	0.205123465038593	0.000451026763649866
"HKB0079_3006_T"	0.235083829559029	0.0503510606197724	1.06537626145684e-14	0.0707421412881071	0.442282816527449
"HKB0080_3006_T"	1.24946456252771e-14	0.0327658295574225	0.00242884453871464	0.101793445410161	1.24946456252771e-14
"HKB0082_3006_T"	0.208580260839178	0.0470584651017717	1.0935262367105e-14	1.0935262367105e-14	0.51697780262682
"HKB0084_3000_T"	0.208540453667933	0.0376604756683101	1.09805282082394e-14	0.0680864358514593	0.267025365778254
"HKB0086_3006_T"	0.0172835073339086	0.0623268859836326	1.44725604543655e-14	0.118859586956513	0.117665681042363
"HKB0088_3000_T"	0.0440491668051888	0.0229404305793448	0.0615778678532546	0.0938538548541939	0.290491784103624
"HKB0089_3001_T"	0.0173387809745571	0.118788689351805	0.00790563524924994	0.0217421376706934	0.320672031525115
"HKB0091_3001_T"	0.141366751913519	0.168442318790945	8.73645238612657e-15	8.73645238612657e-15	0.337385109491288
"HKB0092_3000_T"	1.24357334443216e-14	0.0934232913460775	1.24357334443216e-14	0.184759828033063	1.24357334443216e-14
"HKB0094_3006_T"	0.356905382646614	0.0534325600066269	1.10086540997053e-14	0.128627807700961	0.337950545380205
"HKB0096_3001_T"	0.006047252343369	0.0534941065182259	1.03800004412422e-14	0.0335854130838661	1.03800004412422e-14
"HKB0097_3000_T"	0.0169552562820096	0.176681954358337	0.00109746227263176	1.62751434686087e-14	0.0564914569221556
"HKB0098_3005_T"	0.372579970441376	0.0761816278090872	1.15300528567612e-14	0.0197499891727232	0.391014491393811
"HKB0100_3006_T"	0.0120871792132519	0.047371286171947	6.75086128714268e-15	6.95183070541354e-07	0.0298162918930846
"HKB0101_3000_T"	0.180885593858315	0.174134520309897	1.54057299508347e-14	0.21799496264057	0.315133544707023
"HKB0102_3006_T"	1.65615698792539e-14	0.115551271411014	0.118048932646149	1.65615698792539e-14	0.0844868941564824
"HKB0104_3006_T"	0.0324159385390923	0.00410935136772373	9.77721568861434e-15	0.145163396567295	9.77721568861434e-15
"HKB0106_3006_T"	0.00256702232135138	0.130987421365496	1.34096091625802e-14	0.116282318135265	0.0144958540700386
"HKB0108_3000_T"	9.5938489911523e-15	0.0209857841835551	0.0144091621411854	0.105033488301633	9.5938489911523e-15
"HKB0109_3006_T"	0.160087793783447	1.75024133980534e-07	1.64476550007658e-14	0.0468679769048583	0.195596767263934
"HKB0115_3006_T"	0.201010760099515	0.14622477862392	0.0139335424621786	0.112329013394818	0.204779401186969
"HKB0120_3000_T"	0.200620794877264	0.135129627884566	0.221467387132203	0.0162497198810439	0.316054563201266
"HKB0121_3006_T"	0.206649068828078	0.0283287503221414	1.5321445960076e-14	0.00365569607877699	0.292984456247558
"HKB0123_3006_T"	0.00713066424759017	0.0114812034237033	0.0129221994043863	0.0272946343445448	1.29666358481706e-14
"HKB0124_3003_T"	0.00595975336483397	0.103798167349461	0.066024650340289	0.093579849510242	0.0367506733902412
"HKB0125_3006_T"	8.87236986764288e-15	0.0606841520043061	8.87236986764288e-15	0.132888990467404	8.87236986764288e-15
"HKB0127_3006_T"	0.326925560204277	0.0639917037784586	1.30423929439564e-14	0.128867724658219	0.383591907287829
"HKB0129_3000_T"	0.466744977036221	0.0539106550399052	0.162745747161059	0.0788316796807635	0.126861741754682
"HKB0132_3006_T"	0.323215827367619	0.115513206220279	1.12788336072734e-14	0.00825306234235801	0.1803002609313
"HKB0134_3006_T"	0.177535215538944	0.191704280551596	1.01688031196302e-14	0.0156347061132206	0.347971566498081
"HKB0137_3002_T"	0.0575087072542732	0.21226767447292	0.00487205398058367	0.00258523190771386	0.251244142882365
"HKB0141_3006_T"	0.0200496926739248	1.95448366131215e-14	0.000159450812054425	0.21588842481518	0.136568250749972
"HKB0143_3006_T"	0.0980823327071641	0.090819539212409	0.038813128095674	0.0750033193585439	0.510026289661415
"HKB0147_3000_T"	9.97115439111396e-15	0.16209303661345	9.97115439111396e-15	0.0950973237660637	0.0081459862933775
"HKB0150_3006_T"	8.02187585474844e-15	0.0751864520380513	8.02187585474844e-15	8.02187585474844e-15	8.02187585474844e-15
"HKB0155_3000_T"	0.515391958128782	0.0293385380118395	0.0351441239550878	0.0573299276309413	0.362795452273301
"HKB0157_3006_T"	0.202243208580921	0.238896019665286	1.33824220948825e-14	0.00220429617949225	0.161551072405448
"HKB0158_3006_T"	0.148180244809697	0.00115720440971059	0.0737529564153673	0.260809070046034	0.31789332636573
"HKB0159_3006_T"	1.17737967729736e-06	0.291654424191943	3.80031586185814e-09	0.0822502762618696	0.0688892455618842
"HKB0160_3000_T"	1.30272884552935e-14	3.74335518318161e-13	0.370981066825115	2.16636078824246e-06	1.30272884552935e-14
"HKB0161_3001_T"	0.114731917478555	0.0910911711015669	0.275907028762154	0.218506268367063	0.0850653346414164
"HKB0162_3006_T"	0.201752372221581	0.0816015620361263	1.42995800828817e-14	0.0812229724657471	0.486445061211245
"HKB0164_3006_T"	0.0378221976211736	0.0131919556802647	0.0495153745544597	0.226664763139879	0.365393823899648
"HKB0167_3006_T"	0.403767859260713	0.0536242354940712	6.31335906202287e-15	0.044192978671945	0.39970323460011
"HKB0168_3006_T"	0.284097580145969	0.0310817024112813	0.00842606452946395	0.178338545390153	0.142629351983958
"HKB0179_3006_T"	0.00544124676367208	0.0880697459818266	2.06182453773525e-14	0.151398656093537	0.202732727548593
"HKB0182_3006_T"	0.298004913429781	0.0406115818749793	1.24960307975534e-14	0.0617734013141211	0.0966756691073796
"HKB0186_3000_T"	0.353593686003008	0.136831746224538	0.140474801455012	0.0192605194865948	0.24028787049426
"HKB0191_3001_T"	0.0433185367636474	0.00139321725443836	0.00897864467967429	0.119437752855784	0.32993680910679
"HKB0194_3006_T"	0.348465613519396	0.056575905995772	2.16838447907893e-10	0.0527621376384898	0.423504564750977
"HKB0196_3006_T"	1.17326928300423e-14	0.294543490452429	1.17326928300423e-14	0.148248936310078	0.0154182410111928
"HKB0207_3001_T"	0.126935172490295	1.15836211142102e-05	0.39653470880422	0.0818676403008129	0.281851388547482
"HKB0208_3006_T"	5.16499870235398e-08	0.0875652067258904	0.00743883192795521	0.262443262440451	0.182937930401393
"HKB0209_3004_T"	1.0808710640361e-14	0.281616047901131	1.0808710640361e-14	0.0905732040760101	0.06884028151237
"HKB0210_3006_T"	0.0237841906122587	0.337626534031165	0.0437136607256802	0.0900290426993494	4.24467466411887e-12
"HKB0211_3002_T"	4.9987239008365e-12	0.171572675201125	0.00314166064743288	0.138433108188292	0.204395489032012
"HKB0214_3006_T"	0.371219448161144	0.0694035140244007	1.03785273850777e-14	0.0367199033052251	0.262359913420275
"HKB0217_3005_T"	1.0232412928107e-14	0.0467810700997323	1.0232412928107e-14	0.0914793854529787	3.33047621180603e-05
"HKB0219_3001_T"	7.29568081857738e-12	0.132641268480698	1.61987747806151e-14	0.111959147064547	0.0227500124298262
"HKB0220_3000_T"	0.395758136169683	0.0233202603644865	0.0514363893298582	0.062263554552103	0.384122221101442
"HKB0221_3001_T"	1.59580998030697e-14	0.00727387459196681	0.0806522724715873	0.155441484000938	0.249038396363361
"HKB0222_3006_T"	1.17751844915931e-14	0.122956514867301	0.00359392930594121	0.175579401137551	0.0434501099832883
"HKB0225_3001_T"	9.45985750315908e-15	0.109388396833322	9.45985750315908e-15	0.0751818192811132	9.45985750315908e-15
"HKB0226_3001_T"	1.32527869861889e-14	0.0899905962241102	0.0326555416339075	0.0753820768906668	0.0241880048498805
"HKB0227_3006_T"	0.0670284270140601	0.0230991438140872	1.35926272630724e-14	0.0693285296895565	0.279165627017284
"HKB0228_3002_T"	0.0508631277557176	1.50120118117144e-14	0.00924142904272872	0.0625768081911973	0.0297231679392531
"HKB0230_3006_T"	0.00438853412675312	0.151911471515858	0.0927600243706985	0.109822717907897	7.58971391469133e-06
"HKB0232_3000_T"	9.05140182811379e-15	0.0251968800667634	9.05140182811379e-15	0.134267025631533	9.05140182811379e-15
"HKB0233_3006_T"	5.21776095414081e-15	0.0837477870029314	5.21776095414081e-15	0.0660611856915512	5.21776095414081e-15
"HKB0540_3000_T"	9.88471658508633e-15	0.0883833450319935	0.019781895751878	0.0736160689247992	0.0246314737500029
"HKB0552_3000_T"	1.58294816064769e-14	0.00718009756599125	0.269017480079376	0.167817750860442	0.00110556404490805
"HKB0558_3000_T"	0.0203451090716183	0.137543560267963	0.0362874505644591	0.121133967940436	0.0818895625010601
"HKB0564_3000_T"	0.114409956714578	0.00307829908795413	0.0153937286150392	0.2443860781702	0.288319395585066
"HKB0573_3000_T"	0.447874552320257	0.126061742568854	0.0620176303393705	0.0208085591063121	0.326140179483571
"HKB0576_3000_T"	1.21062986632801e-14	0.121056371130615	1.21062986632801e-14	1.136217512686e-05	0.24784994856488
"HKB0579_3000_T"	0.372249028045177	0.0464654215594539	0.0748355296198645	0.136201100819662	0.370248919955794
"HKB0585_3000_T"	0.0212105441652483	0.213129006785911	0.0220077181899389	0.0768139733832573	0.00145584728190618
"HKB0599_3000_T"	1.51100011091565e-14	0.0761177393407595	1.51100011091565e-14	0.12694666925098	0.0527665984208274
"HKB0605_3000_T"	0.254639578427199	1.59943371972483e-14	0.00360915093676418	0.0764377250864165	0.341564312157717
"HKB0620_3000_T"	0.289311814789431	0.0474507115618338	0.0019174292155376	0.141732974855185	0.263167798273157
"HKB0626_3000_T"	0.00309152203956233	0.123197692729069	8.98390674268399e-15	2.28670952037758e-10	8.98390674268399e-15
"HKB0629_3000_T"	1.24499887604342e-14	0.0296350857694118	0.00236915908989264	0.146417071594937	0.0435015010517191
"HKB0638_3000_T"	0.0192883994295721	0.15615087283038	0.0590261096922499	0.110909794690364	0.00811248514123286
"HKB0644_3000_T"	0.00659807323405742	0.0326535405630478	9.30055064685336e-15	0.0766162261057057	9.30055064685336e-15
"HKB0650_3000_T"	0.407186714569422	0.0136228770197875	1.06536936388113e-14	0.122328464074114	0.422268465851272
"HKB0653_3000_T"	0.0450909477333246	0.0434018704213118	1.56162475321957e-14	0.107736902387022	0.219996471677362
"HKB0656_3000_T"	0.00574430897544635	0.103239161204774	0.0394731147444765	0.0828305189284187	1.22203680182385e-14
"HKB0659_3000_T"	0.547741103989925	0.0295234803346957	7.09129413108726e-15	0.0195110034849608	0.381176454740193
"HKB0665_3000_T"	1.12391419656499e-14	0.0553054668699049	1.12391419656499e-14	0.0702046436974678	1.12391419656499e-14
"HKB0668_3000_T"	0.224646991001023	0.1602664665222	0.0327927255982156	0.000149757369415094	0.163428934329708
"HKB0674_3000_T"	0.486097771905285	0.0276094145548561	5.29731942578793e-15	0.0248822732351141	0.309442094922413
"HKB0677_3000_T"	0.264671379081044	0.143683258966308	1.39461791114726e-14	0.0636927584483915	0.0772700752389836
"HKB0683_3000_T"	0.359571245873702	0.0092704473943918	0.00118781665624504	0.0287284067669668	0.441586158831514
"HKB0692_3000_T"	1.08233673950798e-14	0.0948126618784639	1.08233673950798e-14	0.0659656977579057	0.00543999995725481
"HKB0698_3000_T"	0.0774923082614811	1.60935652829685e-14	1.60935652829685e-14	0.216106922710044	0.136139537928046
"HKB0701_3000_T"	1.4420254459804e-14	0.00461035440070013	0.00583732366520781	0.0017229172750789	0.124186357260249
"HKB0704_3000_T"	8.24691739228301e-15	0.0847487908680172	8.24691739228301e-15	0.0179794951841747	0.021838746807692
"HKB0710_3000_T"	0.14883066405017	0.12982562505293	8.56560540314737e-15	0.0333010762349289	0.451461684173241
"HKB0713_3000_T"	9.90753953857016e-15	0.123881644981543	9.90753953857016e-15	0.0612035659455065	9.90753953857016e-15
"HKB0718_3000_T"	0.395776578142345	0.030000064783447	1.06629647997177e-14	0.12324254899918	0.433122268291929
"HKB0719_3002_T"	0.299393370241455	0.140721993246772	0.166428785956004	0.0805933657882934	0.184645073478842
"HKB0721_3000_T"	0.167527886485571	0.107179298821733	4.318473433208e-05	0.117374993846105	0.0730588438198259
"HKB0722_3002_T"	1.83531197525445e-14	0.0113231311190263	1.83531197525445e-14	0.101550965231767	0.257665229457204
"HKB0726_3000_T"	1.14378556873271e-14	0.000919174785533693	0.00433696339690091	0.270594944210374	0.0273727103162353
"HKB0734_3000_T"	0.0184687498692713	0.0255944728127511	0.0168133746882099	0.245344829145522	0.0123522766978528
"HKB0736_3000_T"	0.562050554359638	0.05832035952413	4.75297420022162e-15	0.0844206596024708	0.257927583967898
"HKB0737_3000_T"	0.195449420451534	0.101751480985557	0.0658703713168869	0.0670714065760674	0.363032153839499
"HKB0744_3000_T"	1.05552983072138e-14	0.132755756192873	1.05552983072138e-14	0.0906928667046397	1.05552983072138e-14
"HKB0748_3000_T"	0.0840930862243782	0.127845115023353	1.22202226656602e-14	0.135236330258899	0.225342815401243
"HKB0750_3000_T"	0.0159889500813491	0.112836829253216	1.00955521018472e-14	0.185878146418888	9.6590512798154e-05
"HKB0751_3000_T"	0.629795588901646	0.0202791201834608	7.09269184079451e-15	0.0575980156300867	0.241078573313548
"HKB0752_3000_T"	0.331077045128847	0.134207175241528	8.03172498036615e-15	0.0558259347804161	0.355970167862247
"HKB0004_3000_N"	0.0941666278794838	0.0422467605809654	0.372460805141954	0.0708447488875586	0.0500804721733089
"HKB0005_3000_N"	0.152568779511894	0.119644620229843	0.227469420220162	0.117719471504615	3.67791130614086e-09
"HKB0006_3000_N"	0.0369464630247261	0.12688390358763	0.3043971812391	0.0961007519946124	1.14582029552868e-12
"HKB0019_3000_N"	0.0471469516387116	0.109810628399083	0.539159883386771	0.069513654758986	1.46737635252007e-14
"HKB0023_3000_N"	0.0237970078142027	0.0695730209762346	0.292346427027373	0.000360581571587535	0.00127884797739864
"HKB0033_3000_N"	0.024115303621717	0.079034600439516	0.51600523975738	0.0771062660889564	1.23557871210015e-14
"HKB0035_3000_N"	0.103785525428897	0.11019761197645	0.177968742778986	0.0701005039400645	1.11496740706087e-12
"HKB0036_3000_N"	0.160413690792043	0.0969297352486858	0.199328710545691	0.000121969501947865	0.0364470837018618
"HKB0038_3000_N"	0.0552516008314237	0.095054531566916	0.23464147849497	0.118130440317471	0.0598658283296929
"HKB0040_3000_N"	0.19334543481522	0.140986443578588	0.269713546866228	0.115114236052661	0.0974797672916365
"HKB0044_3000_N"	0.117608765504864	0.141865709458436	0.166030896871395	0.203901006774475	1.49095141761452e-14
"HKB0049_3000_N"	0.0243556899251734	0.0122222711547703	0.672254557483552	0.0152483484024974	0.0445326309662704
"HKB0050_3000_N"	0.103870398212333	0.0630816687612553	0.366379780651305	0.06605153663796	1.90618560744356e-12
"HKB0052_3004_N"	0.0703871339165166	0.0354028001920372	0.571114466069836	0.0407056546256192	0.0374602049453951
"HKB0064_3000_N"	9.58054874399176e-15	9.58054874399176e-15	0.180002114955989	0.0481507615972483	9.58054874399176e-15
"HKB0067_3000_N"	8.44929781661261e-15	0.0968866444180515	0.385555118442536	0.0598223672390932	8.44929781661261e-15
"HKB0074_3003_N"	0.0179232298103777	0.104565026545921	0.420218294278258	1.73054967146494e-11	0.0190507174327771
"HKB0079_3000_N"	0.0785577733037113	0.187513053470925	0.17601553336296	0.248003208925982	8.5890145121953e-05
"HKB0094_3000_N"	0.0519682568083361	0.0565662318143327	0.641447509297906	0.0343724018051876	1.54785095919521e-14
"HKB0096_3000_N"	1.11601643679523e-14	0.0816192491758388	0.367272462942158	1.11601643679523e-14	1.11601643679523e-14
"HKB0097_3004_N"	0.000706674694993404	0.0850501036666432	0.51765496870563	1.278538195811e-14	0.0657086301473541
"HKB0098_3000_N"	0.0162054264807079	0.0637308037988297	0.549101228762448	1.02828194027614e-14	0.00528225658377056
"HKB0102_3000_N"	0.0412421278174788	0.0695526745264827	0.515433440459388	1.51476280749887e-14	1.51476280749887e-14
"HKB0106_3000_N"	1.14444251401859e-14	0.0310648276505987	0.554446055008597	0.0239102529060074	1.14444251401859e-14
"HKB0109_3000_N"	2.61076090385594e-12	0.00181189365283811	0.757678688938717	2.54415921785558e-12	0.0767428811473282
"HKB0115_3000_N"	0.00945141888948039	0.0715415152008513	0.625879118377651	8.00481532329053e-05	1.26934489946291e-14
"HKB0120_3002_N"	0.0914741206634863	0.122920559760278	0.155441163576662	0.122167605841307	0.0228110828966679
"HKB0121_3000_N"	0.00921139837249091	0.217445091240457	0.377148869297442	2.22143486338912e-11	9.68304573644401e-15
"HKB0122_3002_N"	0.00552233218122395	0.0220374518389415	0.5609337320056	0.0748237053317728	1.37689728892513e-14
"HKB0123_3000_N"	8.56743862527676e-15	0.0212205514649814	0.364741829181039	8.56743862527676e-15	8.56743862527676e-15
"HKB0124_3000_N"	0.00520474486644993	0.0794928231849456	0.348969847555245	0.00646918434269795	1.0532306295091e-14
"HKB0127_3000_N"	0.103754221063146	0.0888796661511532	0.0383027741276144	0.165883063404188	1.65728493816891e-11
"HKB0129_3002_N"	9.94734644425937e-15	0.184703551964048	0.477248980542637	0.0298814291391476	9.94734644425937e-15
"HKB0132_3000_N"	9.86592536080316e-15	0.0943719379722757	0.507322039499139	4.96391357388309e-09	9.86592536080316e-15
"HKB0133_3000_N"	0.007747940733769	0.0120743212981619	0.607221816381377	0.0570320848979055	1.28579721629436e-14
"HKB0134_3000_N"	0.00362887128967814	0.00285097549177371	0.000328831263732118	0.0367769460922493	1.18366525772921e-14
"HKB0137_3000_N"	0.0170894917758089	0.119168504261867	0.337032824664702	0.0241010813449327	1.27663936593362e-14
"HKB0141_3000_N"	1.42084380908713e-14	0.0539052315396169	0.0969282907991175	0.130545128498651	1.42084380908713e-14
"HKB0143_3000_N"	0.00101389835467209	0.156349343148217	0.491641884596335	0.108155947636309	1.21446686599163e-14
"HKB0149_3000_N"	0.000664104202104945	0.115341601530982	0.203592987602969	0.0607374934469241	0.0379222140049619
"HKB0150_3000_N"	0.0280086171616287	0.057039564230731	0.329478830666047	0.0679051343009875	1.77926197043492e-14
"HKB0155_3003_N"	1.10795934323399e-14	0.00323531312369489	0.241051142285586	0.053453865777195	1.10795934323399e-14
"HKB0157_3000_N"	9.8891482303337e-15	0.000541273445934195	0.578839693191258	9.8891482303337e-15	9.8891482303337e-15
"HKB0158_3000_N"	0.0690544693431711	0.0723060832947439	0.560984492456717	1.47243690601581e-14	1.47243690601581e-14
"HKB0159_3000_N"	0.0248913680348917	0.144893577647107	0.410323159878179	0.0735834948910195	1.28894313825737e-14
"HKB0160_3001_N"	0.00484661629558183	0.00532952987068728	0.653709088990923	0.00224470041911931	1.16609687223712e-14
"HKB0161_3000_N"	1.09500087086033e-14	0.038626592073144	0.341627343214267	1.09500087086033e-14	1.09500087086033e-14
"HKB0162_3000_N"	1.07369766686646e-14	0.0426435443693061	0.653492137564576	1.50295823722389e-07	1.07369766686646e-14
"HKB0164_3000_N"	0.0175271538283263	0.0572385152486547	0.326019720953855	0.200632705768765	1.40774576966472e-14
"HKB0167_3000_N"	0.205728729049199	0.136075972923863	0.310912850024299	0.0143579153809124	0.039298599563398
"HKB0168_3000_N"	1.2891534698833e-14	0.130349931180738	0.140470585362421	0.157493374057735	0.00471938229165877
"HKB0179_3000_N"	0.0371423533812563	0.0871953489560704	0.444609628829193	0.0560675017865314	0.011672725206889
"HKB0186_3002_N"	0.060530142015851	0.304844598312551	0.248577571090234	0.0697748253002653	0.00505807862394122
"HKB0194_3000_N"	0.0858585554946747	0.0762060418469937	0.212316158883208	0.000358249675510341	0.117556032710969
"HKB0196_3000_N"	0.00245262906956079	0.0586535786153541	0.670756187290062	0.0341753840318766	1.34575310556902e-14
"HKB0198_3000_N"	0.0276448897201867	0.103871053621598	0.510115559228759	0.0744139987124585	0.00355372292298709
"HKB0207_3000_N"	1.16116554223263e-14	0.0308847978717166	0.473614182268464	1.16116554223263e-14	1.16116554223263e-14
"HKB0210_3000_N"	0.0552407253968435	0.252576241497749	0.3226122811902	0.0694162076298968	7.67739851536451e-15
"HKB0211_3000_N"	0.0324303601197575	0.0135613518677852	0.445053357721168	0.00364398690664668	0.134074123159803
"HKB0214_3000_N"	0.0536222391382057	0.211679515052983	0.517161042953133	0.0965350398955955	1.18356213442378e-14
"HKB0216_3000_N"	0.0530967816232471	0.0183747336870633	1.18849965776162e-14	1.18849965776162e-14	0.403870359235212
"HKB0219_3000_N"	0.0451394769054136	0.096709546873328	0.60460631246206	0.052637958506845	0.0473010004202326
"HKB0220_3003_N"	0.00640455483785493	0.0247083270553136	0.443340098654989	0.0127009919807196	0.186789051074761
"HKB0221_3000_N"	0.000274570560283592	0.0685784143852581	0.635126903659142	0.0441853771343584	1.07565057267474e-14
"HKB0222_3000_N"	4.12264308449373e-10	0.0640336639954163	0.566389616561472	0.066004905472488	1.86018287175973e-12
"HKB0225_3000_N"	0.215914979692242	0.131869627203382	0.266882186344832	0.117669218061541	0.00797716294870695
"HKB0226_3000_N"	1.14950720964083e-14	0.0151359341884876	0.424328065340092	0.0401838846789755	1.14950720964083e-14
"HKB0227_3000_N"	1.28999915024928e-14	0.0875427554680026	0.587175335872628	0.0632906304384209	1.28999915024928e-14
"HKB0233_3000_N"	0.00479550829436907	0.268085923062978	0.0955773750615819	0.0704807106933042	9.6505046944542e-15
"HKB0538_3000_N"	0.192029912765281	0.10290201001479	0.296558678490995	0.17246506045711	0.0357002137420365
"HKB0562_3000_N"	0.0451570757316466	0.179521707862386	0.195870134158443	0.180687585040929	0.00902735197159687
"HKB0571_3000_N"	0.0070651512579533	0.0589283874605679	0.529108099461123	0.0237691890078988	0.0179098855758605
"HKB0574_3000_N"	9.95262819746234e-15	0.0769736827203722	0.511414316062017	0.0512821644540278	0.0349733313240187
"HKB0577_3000_N"	0.0321270035768591	0.0361389511905764	0.652347594647294	0.0574757499299922	0.000599582034138161
"HKB0583_3000_N"	0.0019289113193961	0.0498135031737982	0.364864850211546	0.00773918013850853	1.17798470344212e-14
"HKB0597_3000_N"	9.97938734220054e-15	0.0181644114010596	0.675379125800812	0.025305158321812	5.19943882396155e-10
"HKB0618_3000_N"	1.07988353739042e-14	0.0541250511580163	0.566781310150257	0.008310720943678	1.18704601493823e-07
"HKB0636_3000_N"	0.0133705127624729	0.0239297242507521	0.487417109195735	0.117266205193996	0.0860935517982377
"HKB0648_3000_N"	0.259273134382503	0.0974580276268104	0.376329847705448	0.0954192447589133	0.166192231862344
"HKB0651_3000_N"	0.195464921958005	0.0934287720383253	0.265333105073342	0.106933347145161	0.0827889169410147
"HKB0657_3000_N"	0.0802045579080139	0.0993901797427142	0.325161854397386	0.0797915793749379	2.27403306331433e-13
"HKB0663_3000_N"	0.0111199721213796	0.0784464885290722	0.424979211128098	1.40757351049746e-14	1.40757351049746e-14
"HKB0666_3000_N"	0.000135276372773985	1.130269131324e-14	0.403673283029363	1.130269131324e-14	1.130269131324e-14
"HKB0672_3000_N"	0.0154922535141996	0.0741892372430999	0.496259023827976	0.0042651064309035	0.0971434355011896
"HKB0710_3001_N"	0.0728619256476597	0.0926866538710403	0.415270239709287	0.132996885658283	1.319316383385e-14
"HKB0718_3001_N"	0.0845507624956901	0.0900682431481097	0.531436706480627	0.0808495680310514	0.0285283737082592
"HKB0719_3001_N"	0.0041016562597251	0.0493044167452782	0.471226386752959	1.12968938496691e-14	1.12968938496691e-14
"HKB0722_3001_N"	0.0600675859916774	0.16783553200412	0.281596527098921	0.143627469793691	1.35635602075061e-14
"HKB0744_3001_N"	1.14935297507415e-14	0.00348563216844746	0.398198121691163	0.0168905891981931	0.010966096877612
"HKB0748_3001_N"	0.0511028423559116	0.0561502141962635	0.474695108808123	0.129848583711288	0.0546624344469643
"HKB0751_3001_N"	1.12487680856537e-14	0.0439533444261327	0.310917707758336	0.0831471429093616	1.12487680856537e-14
"HKB0752_3001_N"	0.0540002848111266	0.156127145191664	0.198399417306897	0.0992959081008358	0.00029413364965044
