"ID"	"S01"	"S02"	"S03"	"S04"	"S05"	"S06"	"S07"	"S08"
"HKB0004_3006_T"	0.0474855892715124	8.2662785441416e-15	0.020851546468505	0.00326525933475921	0.015835880393017	0.0559426654036996	8.2662785441416e-15	0.490530862944118
"HKB0005_3001_T"	0.008813883815398	9.55976348810477e-15	0.038035291998851	0.0401144154138436	0.0123091058302977	0.119155117380719	9.55976348810477e-15	0.330042975379149
"HKB0006_3006_T"	0.0134187548452446	9.14299044076635e-15	0.0136135520897221	0.0906353273542006	0.123452057007163	0.165299854947698	9.14299044076635e-15	0.00285737456639245
"HKB0007_3005_T"	1.16459804679553e-14	0.000921585599115184	0.173709385711968	0.075737523784636	0.179784483163249	0.0917538520180139	0.0839229701454103	0.0585717910853491
"HKB0008_3006_T"	0.0165189825446795	0.0013566784420696	0.226697666592369	0.214993262549136	0.233211047053494	0.0103536254014909	0.157466610839579	0.020300504299309
"HKB0016_3006_T"	0.0691956828088241	9.98038873075901e-15	0.116185453988153	0.0484670512640148	0.165950936403578	0.231910236517335	0.0594960727094183	0.000114721827699419
"HKB0019_3006_T"	0.00986317309392184	9.65147962492756e-15	0.132889419387956	9.65147962492756e-15	0.000891388293381725	0.0315263042155392	0.00451599254789907	0.426536371365464
"HKB0023_3006_T"	0.0132240271664538	1.1639120737108e-14	0.336370650562195	0.155820088928845	0.192115667726094	0.0527196685886167	0.0116798734707945	0.074339119493314
"HKB0031_3001_T"	0.0640810880572331	1.07878754739619e-14	0.036154814164361	0.0520486873350096	0.0895729193103498	0.0679905027086587	0.103118215507637	1.07878754739619e-14
"HKB0033_3006_T"	0.0403822003534834	0.00951805714173068	0.230004253661942	0.0765384621675132	0.149285028965538	0.11852266046359	0.0408335200858501	0.00958121463849623
"HKB0035_3006_T"	0.0359792198621549	1.07841104674539e-14	0.0184718081777827	0.0621511068707623	0.122091084427111	0.108413900720364	0.022789373615539	0.01366708849475
"HKB0036_3006_T"	0.0430109405364586	9.63047766975274e-15	0.10050213928801	0.00649693956754322	0.0543439797137916	0.0622715416310574	0.00500828688285631	0.409669954024689
"HKB0038_3006_T"	0.0652044588638624	9.86719472244331e-15	0.329593747533047	0.00227704259538057	0.0440752894848297	0.116616244239206	0.00674327032384831	0.122173781367469
"HKB0040_3002_T"	0.0608759139009711	8.88189653877234e-15	0.00378404798301593	0.0510655044813428	6.09157614066244e-13	0.123726791730166	0.433960305678891	0.0576006201963431
"HKB0044_3006_T"	0.00621052288487596	9.46141956173972e-15	0.0183864561017637	0.0164461025938759	0.141302692178484	0.0610191166616878	0.0792788099047684	0.130786147350479
"HKB0049_3006_T"	0.0122892598551674	0.062203982251826	0.298943937472858	0.091360310263602	0.164603653302056	0.0240376662064552	0.126253030092817	0.00810910332649316
"HKB0050_3005_T"	0.0135717582726443	1.15558684427496e-14	0.0148852077368962	0.00729085031084227	0.0851747112331341	0.0159977857817833	0.142427291542269	0.00218427040642456
"HKB0052_3000_T"	0.0442254238893779	0.111499628106672	0.179497230720313	0.0420324594052847	0.16320104008559	0.115058193312042	0.0810542862855363	0.0625905671044623
"HKB0054_3000_T"	0.0230430561295394	0.0470737457797726	0.0631654068470344	0.00183919339868412	0.148635041991058	0.109660208488546	0.352861312762382	0.0470962135079297
"HKB0056_3002_T"	0.0665080451816641	8.67893035171811e-15	0.0287235660673957	0.0207138842436295	0.0360156908365222	0.087472882400141	0.048808999050611	0.306035111767383
"HKB0064_3004_T"	0.0189253065128965	0.057690665174734	0.0327926459388103	0.0561367719279528	0.178862636317262	0.06862218638856	0.26793975212927	0.00781435791710174
"HKB0065_3006_T"	0.0065736833774315	8.89924008293187e-15	0.0412506936227523	0.000684090740610304	0.00906365529450055	0.0437667571178826	0.0366101298545035	0.56093365208232
"HKB0067_3006_T"	1.36055648363324e-14	1.36055648363324e-14	0.121309532081254	0.0800801327286543	0.217311128446516	0.0283241664214474	0.153035027502353	1.36055648363324e-14
"HKB0069_3000_T"	1.32361182484412e-14	0.00522962688993195	0.0892676736625218	0.0138773265212286	0.190402086460668	0.0487518316753654	0.212004787993941	0.198276731709669
"HKB0070_3002_T"	6.03239163187201e-13	0.00859423444522782	3.97036673113835e-08	0.0222740508422476	0.172193267019272	0.0807483782950848	0.114329438296115	0.00968610059454827
"HKB0074_3000_T"	0.0388557433750342	0.191917753410961	0.0765878770058759	0.0735225588095244	0.153539436329628	0.119230578572467	0.221800749213461	0.0157961936695162
"HKB0078_3000_T"	0.0227039383028549	1.14375742366502e-14	0.118205679753684	0.0652738951392045	0.272207362920779	0.0895314894769449	1.14375742366502e-14	0.031902864555578
"HKB0079_3006_T"	0.0605087308491886	0.000832373368209069	0.0982501553562537	0.00589073860927365	0.0504938210083973	0.0385369869245934	0.0922253153310452	0.181364136116255
"HKB0080_3006_T"	0.00679784338657479	9.47316734165883e-15	0.0105555948801559	0.0459930417521425	0.0582825035688685	0.160337752152715	0.0129757382877442	9.47316734165883e-15
"HKB0082_3006_T"	1.11618885684689e-14	0.000348604699000966	0.0681223665057199	0.0305657881012001	0.0433268172463259	0.00496880549787993	0.113313674488918	0.168169886237394
"HKB0084_3000_T"	0.0419477608367605	9.00222344660369e-15	0.134522552420328	0.0155984651225379	0.0309464333900368	0.0734658559033783	0.0488886171238792	0.362271694442238
"HKB0086_3006_T"	0.000152613840667221	1.23643103351785e-14	0.18232395717639	0.215291098936242	0.184529058469121	0.0723736898078048	0.054558167082218	0.0161145654286023
"HKB0088_3000_T"	0.0089703894327516	0.000519878847386043	0.210372462285525	0.115573588825315	0.305893241795318	0.0761557968422728	0.106999775802972	0.0469118097689084
"HKB0089_3001_T"	0.0425239170333831	0.002768993829156	0.136043470109194	0.0278185697265948	0.126606470109039	0.0246845871909499	0.0638699264378543	0.0578939280948386
"HKB0091_3001_T"	0.0608882843664114	0.000768806109132952	0.0261654189061391	8.51136341136759e-15	0.0449911600037658	0.0494569145611084	0.0808807716138461	0.41775621985709
"HKB0092_3000_T"	0.0379776905473239	1.12399736456992e-14	0.122717758809423	0.0456654312739766	0.186213467050727	0.048318724492759	1.12399736456992e-14	0.216604855886173
"HKB0094_3006_T"	0.0226921374484304	0.000581293910915733	0.000490530764539453	0.0147773699667813	0.134539938365966	0.110492030276896	0.0470063916853956	0.0286542057046493
"HKB0096_3001_T"	0.0278771047758627	2.89751169531307e-13	0.000733089753355242	0.0134869281379373	0.0276489910531205	0.00948643229641135	0.00729102692731651	4.21710178878738e-12
"HKB0097_3000_T"	1.24109662122987e-14	0.00518029799794405	0.016558724324251	0.00954479560912334	0.123299477204758	0.0178537766481179	0.00545251236526169	1.24109662122987e-14
"HKB0098_3005_T"	0.00261131720092384	0.00319088890850819	0.254137239307001	0.0151511776074549	0.192153097709471	0.0626516675780789	0.107767688837326	0.0550017755836843
"HKB0100_3006_T"	0.0031921227150535	0.00526496521480566	0.0457051454115683	0.00281876122959508	0.114294686048513	0.0936664204806889	0.0076899620092003	0.0641637290637106
"HKB0101_3000_T"	0.0485072834703001	1.17936771488089e-14	0.307071311595029	0.0998396609862678	0.123850258154126	0.127186416078411	0.0456286200679278	1.17936771488089e-14
"HKB0102_3006_T"	0.0268094658096737	1.40997648391692e-14	0.137117987143974	0.0329443725512839	0.112374098589029	0.0345849789557498	0.0322679624308811	1.40997648391692e-14
"HKB0104_3006_T"	0.0195289817988435	7.51401891486589e-15	7.51401891486589e-15	0.0428334790467174	0.046287869896637	0.0149861423958668	7.51401891486589e-15	0.0127157618930908
"HKB0106_3006_T"	0.0103245839164144	0.000522114911109262	0.0354424375636225	0.0192558846370508	0.151201567299921	0.0685912185731624	1.25151994886713e-14	0.0344799783308411
"HKB0108_3000_T"	0.0107803625593816	8.43043053186399e-15	0.00162170129954667	0.0238327363367406	0.0984476082711558	0.0111866112770321	0.00417553169898759	8.43043053186399e-15
"HKB0109_3006_T"	0.0343085815495402	9.60151618340254e-15	0.00326131465116384	0.00336325598776721	0.0741764450403539	0.00409079073732988	0.0168790743244491	8.05026810413671e-05
"HKB0115_3006_T"	0.029731863990824	0.000375123235244112	0.0729212226243277	0.0777594731107053	0.132266522835515	0.0463486398974873	0.0232738006976996	0.0413962526630545
"HKB0120_3000_T"	0.0269314650501713	0.195256369592109	0.205573309577295	0.0494122315038916	0.120228607154105	0.0619515602950533	0.239779062950863	0.0582205744597573
"HKB0121_3006_T"	0.00291652159857663	9.75511327197718e-15	0.0309306889822362	9.75511327197718e-15	0.00858692236445633	0.0281409935837166	0.0143423215225991	9.75511327197718e-15
"HKB0123_3006_T"	0.00420936670986017	1.20825042821541e-14	0.140325688125197	0.00785446995902234	0.126968928429297	0.0096324596394013	0.00938523480381268	0.00269618379227003
"HKB0124_3003_T"	0.0316820276405618	0.037473667116346	0.0477150502162008	0.025855209604134	0.125490821929601	0.0948587322785709	1.47590280043703e-14	0.102335050357055
"HKB0125_3006_T"	0.000125745694431045	9.5744753934537e-15	0.0571719531619889	0.0398598354860635	0.103456351474447	0.0737862638430444	9.5744753934537e-15	0.346365010185009
"HKB0127_3006_T"	1.27292379204345e-14	0.0031103904351204	0.00957555146833646	0.0092034628861698	0.0799665920389522	0.0206573902725788	0.110994744854785	1.27292379204345e-14
"HKB0129_3000_T"	0.0589399478504231	0.194205325774298	0.0220415923899568	0.152354240004333	0.300929046016395	0.100157677093681	0.108609843072132	1.34642403822131e-14
"HKB0132_3006_T"	0.00900366531983121	0.00026992140991908	0.0015003236849131	0.00762396937035424	0.0352667412044305	0.0809626083811832	0.028193988929396	0.00171115066499826
"HKB0134_3006_T"	0.000183110320240859	9.15668615014164e-15	0.0489898430835363	0.00138988006146835	0.00898223046981084	0.144900748866824	0.0642466869010406	0.554494977305648
"HKB0137_3002_T"	0.00278191788472644	1.12487551698903e-14	0.0636961959284191	0.0469607286576137	0.0694493196888298	0.0963756357396379	0.0453706215460133	0.00940877335161413
"HKB0141_3006_T"	0.00529819792512672	0.0078802378226181	0.082491375235651	0.0857326637066083	0.355124274694621	0.0739715100317807	0.0251416761029688	1.53906133919593e-14
"HKB0143_3006_T"	0.000240041155724665	0.00727674910310023	0.236273124267694	0.00164442906043025	0.136606042173674	0.119214008715575	0.107067200278651	0.0952598486910909
"HKB0147_3000_T"	0.0151375412588506	8.75016466358818e-15	0.0397299048732615	0.0272566005669868	0.086938902366662	0.244049235563359	8.75016466358818e-15	0.0109049959582059
"HKB0150_3006_T"	0.00189609461861419	0.000167295184478732	0.00159205470418459	0.0174188646759551	0.0123783492899192	0.0491075498154176	0.0053080439916721	6.34939388857132e-15
"HKB0155_3000_T"	0.154427615504973	0.0263351227088431	0.145010913972207	0.0236759929002825	0.105181352334305	0.123364814014976	0.140911087947395	1.08641610249225e-14
"HKB0157_3006_T"	0.0407234045436005	0.000537601935167955	0.028288355780614	0.0119773010926105	0.00362443066893744	0.139240382652518	0.00460006258160591	0.313874187046472
"HKB0158_3006_T"	0.0543602699983794	0.023234337804819	0.172292297040603	0.16938277434671	0.243898954515888	0.126367150947561	0.0982649495825087	0.0505378877724427
"HKB0159_3006_T"	0.0865330299109846	1.00012915952184e-14	0.0340850818463892	0.155290249797105	0.130404302670388	0.124379194237286	0.0119954416500148	0.0194607146173346
"HKB0160_3000_T"	0.0331599249460933	0.335385751145712	0.00200059366118713	0.00966210841332559	0.0074659550060624	0.0671082824621505	0.00504248550132747	0.0291200592586474
"HKB0161_3001_T"	0.0415937138639371	0.104467754222617	0.170734683724726	0.109076294050368	0.12283327612558	0.142708166180121	0.0285696715854671	0.280016440087713
"HKB0162_3006_T"	0.0980481166260457	0.000460593288929739	0.106023003335813	0.0582584547333369	0.113920247724732	0.0372850044001475	0.0876563382906224	0.0908131988399276
"HKB0164_3006_T"	0.0316815379897826	0.0374240630721425	0.113980102821559	0.276505111422902	0.22905545698518	0.138243789758625	0.10102295223643	0.0224272373716291
"HKB0167_3006_T"	0.0243806969737293	0.000136469837384553	0.136539962147034	0.0732120145915263	0.0460602384502514	0.0275277401969295	0.355135532997324	0.0991652833558445
"HKB0168_3006_T"	0.00396791968070809	0.0157907070243182	0.172957407170368	0.0672988218229025	0.274684952840069	0.0331810302342456	0.00800502284551935	0.104400020222926
"HKB0179_3006_T"	0.0180432046756221	1.31218986325322e-14	0.13730496574488	0.122422074714169	0.0993771690285911	0.221474347999867	0.0345432983200651	0.0505022260864107
"HKB0182_3006_T"	0.0290832363319985	4.22611486155396e-12	0.217403138487227	0.0214346585852644	0.0234158867038355	0.0497887875362086	0.00675523941790383	0.407950132345643
"HKB0186_3000_T"	0.0335738175737327	0.242932205047383	0.242557003216648	0.0566520176420084	0.088586934077943	0.0746505384063706	0.198338036497871	0.0360235229897792
"HKB0191_3001_T"	1.25994518322503e-14	1.25994518322503e-14	0.255302987144472	0.0716772712287475	0.135316724990597	0.0285252795654872	0.0899581153636884	0.0363220045960885
"HKB0194_3006_T"	0.0404636629491499	6.37933533738435e-05	0.0434622272952698	0.108104215201287	0.117777174606551	0.0935181879812174	0.151893733018598	0.0989272138458908
"HKB0196_3006_T"	0.031796706911152	0.00272388597373536	0.00941394293611268	0.135654408331895	0.0636972784788247	0.145708813506354	0.0033774252153374	0.0950240645796678
"HKB0207_3001_T"	0.0179852644786001	0.178780393045689	0.146488826048901	0.0867746663556591	0.0627419714860933	0.0525929263799156	0.187277554005902	1.29100310568265e-14
"HKB0208_3006_T"	9.09122162045419e-14	3.00638420626185e-05	0.350638025119656	0.250488252923555	0.254506162258157	0.0381888509697112	0.0226506962052234	0.00265303180373396
"HKB0209_3004_T"	0.0464968398518568	0.000545941591253426	0.336837945173989	0.0468908243265874	0.241799248227284	0.112706400558719	0.0468106550402424	0.0861543056739151
"HKB0210_3006_T"	0.0567052573900239	5.87142436529981e-15	0.00215187940565304	0.0432675975117419	5.87142436529981e-15	0.482124718674501	0.00888041814409832	0.134737330178674
"HKB0211_3002_T"	0.0817739725573008	0.000208157737041884	0.0424046416842536	0.0377900725379955	0.0351834926567483	0.224499685000361	0.010196574654767	0.420065524598133
"HKB0214_3006_T"	0.0348086308990355	0.00179799844517336	0.0896009567549992	0.11545000358754	0.108605279036336	0.128084815345505	0.0767178473684942	0.0895983496309723
"HKB0217_3005_T"	0.00809009377041381	1.02085192782843e-14	0.0233568543900857	0.0509677917557725	0.11951092169441	0.131131553864771	1.02085192782843e-14	0.0186689593383343
"HKB0219_3001_T"	0.00457539764453032	0.00175498651524517	0.134615708473225	0.0111893532261356	0.0699779222750277	0.224975371983988	1.26076630952817e-14	0.0545328526704007
"HKB0220_3000_T"	0.0672027374394256	0.00879140017061974	0.123776434695388	0.119793019408261	0.175201438605205	0.0512629241899604	0.26852276548473	1.18485691966868e-14
"HKB0221_3001_T"	0.0132290188728459	1.31675899695569e-14	0.154838449739348	0.154382772019891	0.17448077520749	0.0541641237455022	0.0957490087049039	0.00587191809093657
"HKB0222_3006_T"	1.06059307753475e-14	1.06059307753475e-14	0.010774538986748	0.201517433933669	0.151511610149172	0.0738826414820574	0.0530178063002204	0.0114682644138619
"HKB0225_3001_T"	1.03989767845612e-14	1.03989767845612e-14	0.0562658364651954	0.0667433740022184	0.0841949992248722	0.142544706021225	1.03989767845612e-14	0.0541203721174066
"HKB0226_3001_T"	0.0115938752189658	1.22162461033902e-14	0.134301669160825	0.133883620280392	0.21287546949663	0.0687439329123481	0.00701458881077948	1.22162461033902e-14
"HKB0227_3006_T"	9.29793932184638e-15	9.29793932184638e-15	0.000667476427034067	0.0453865256360921	0.105814803753861	0.0794421426585143	0.0752307719637237	0.0300117701273537
"HKB0228_3002_T"	0.00615833328863637	1.19899563802474e-14	0.0130406845665962	0.048891416760313	0.176398319915855	0.0564808055247606	0.0237945671709477	0.0204724006495596
"HKB0230_3006_T"	1.16947794673107e-14	0.00622866040484765	0.0504816895914323	0.0619143380206409	0.250997557248024	0.22153525195331	0.0478697059562603	0.000145543120842429
"HKB0232_3000_T"	0.00880617189981529	9.22791467982112e-15	0.16043679229461	0.011256909465879	0.107978680247717	0.110994784035575	9.22791467982112e-15	0.0927761929725128
"HKB0233_3006_T"	0.0139006923333812	5.37847864685916e-15	5.37847864685916e-15	0.0142124761168668	0.0052548419653351	0.129503741407191	5.37847864685916e-15	0.0648537001189433
"HKB0540_3000_T"	9.64610081134475e-15	9.64610081134475e-15	0.0161655388952484	0.0782629205976982	0.0335962779332883	0.166457873615749	0.00954395516193035	0.0358603494971506
"HKB0552_3000_T"	0.0182468226784416	0.113341782219259	0.0392524579495146	0.266577693772444	0.196599417047846	0.0576746234252993	3.48378635100807e-08	0.0069444967914507
"HKB0558_3000_T"	0.0231493199836558	1.33500990769744e-14	0.149593205425279	0.150275532770995	0.112735516190403	0.0378238555254677	0.00367994666283089	0.0337566598199548
"HKB0564_3000_T"	0.000464594411050066	0.0214090346870712	0.226281815622173	0.181188439704267	0.34301834379167	0.0577114076301261	0.0193713724663734	0.0388503607587386
"HKB0573_3000_T"	0.038879313112421	0.0471051357459214	0.191938319745461	0.132049537694283	0.0888679823091364	0.0493757863286106	0.25834959852287	0.0442793846558876
"HKB0576_3000_T"	0.0231264494046854	9.85145758213672e-15	0.308800344366887	0.109777018265064	0.00514909136586706	0.0983023770892388	0.0987143628730036	0.115724036508072
"HKB0579_3000_T"	0.0162292826561903	0.022795366398141	0.219635459416271	0.254281256773933	0.134303382138986	0.0967961238362127	0.147015439680468	1.21651577696877e-14
"HKB0585_3000_T"	9.15003962949729e-15	9.15003962949729e-15	0.0124906240715222	0.0526690207743207	0.0743301908368767	0.227674203772213	0.00977426843310509	9.15003962949729e-15
"HKB0599_3000_T"	0.0190275006702025	1.03229667339333e-14	0.157411403911291	0.234684823559777	0.082369074512551	0.114168166839536	0.0164708017960562	0.0061863370126368
"HKB0605_3000_T"	0.00183138790031952	0.000512938778264009	0.133922844456135	0.109159228444388	0.115874976416312	0.0372489245001626	0.0415951649116749	1.35926705866745e-14
"HKB0620_3000_T"	0.0238994032277493	1.27889888887408e-14	0.0317642653016036	0.120046671724106	0.0949458175916851	0.0302326439031109	0.0348875501943399	1.27889888887408e-14
"HKB0626_3000_T"	0.0339877949480302	7.57975824177564e-15	0.00306458906345705	0.00311570555010144	0.0160593993139302	0.0718661321120081	7.57975824177564e-15	0.248869049116383
"HKB0629_3000_T"	8.09305025360269e-15	8.09305025360269e-15	0.000966450778550509	0.0526488479886918	0.080719485793691	0.0771402907567543	0.0187011560194453	0.00682115389992322
"HKB0638_3000_T"	0.037035141031702	1.13386585130586e-14	0.191981627328428	0.0896946674826336	0.147975198014829	0.0709459252159811	1.13386585130586e-14	0.0812064960801795
"HKB0644_3000_T"	7.73814752001507e-15	7.73814752001507e-15	0.000242587556604608	0.0380586662012162	7.73814752001507e-15	0.0234560605367713	7.73814752001507e-15	0.196991063641604
"HKB0650_3000_T"	1.02585576532788e-14	1.02585576532788e-14	0.00126604474953458	0.0945513473591499	0.0538932439849621	0.0407728455977524	0.0634903782497486	0.14773529392349
"HKB0653_3000_T"	0.0107104897585283	0.000273583581758055	0.100173700424341	0.073549036885941	0.111550830806095	0.0458954106211921	0.00189712366550323	0.0507165453036946
"HKB0656_3000_T"	0.0348521618638193	1.26482008702614e-14	0.0439202099257112	0.0962531045804014	0.105117411113856	0.00160993970401363	1.26482008702614e-14	0.0431110678802778
"HKB0659_3000_T"	0.0210614598616766	9.71327549846584e-15	0.0272527924771108	0.00912878638900328	9.71327549846584e-15	0.0155853974010526	0.184607694365185	0.232956205428755
"HKB0665_3000_T"	0.0117058686401557	0.00136352489614816	0.368239546966368	0.0800255553120713	0.171859884244631	0.0498105620873127	1.13744346411199e-14	0.117787608454366
"HKB0668_3000_T"	0.00787264064406689	0.00135994962284019	0.137573135351826	0.0975150290196336	0.156439073791605	0.118011385637219	0.0238487959964245	0.00381149610691831
"HKB0674_3000_T"	0.0588305358276377	0.00503049896712183	0.155236847799742	0.0529402883196055	0.10254678574225	0.0292619060248636	0.368504379844067	0.152897985009089
"HKB0677_3000_T"	0.0103750456861761	7.59483680845433e-05	0.0295020832594246	9.18007586028281e-15	9.18007586028281e-15	0.0793108405258471	4.69532714346487e-05	0.430438150077612
"HKB0683_3000_T"	0.0228153954109251	1.36309652996265e-14	0.0270149398609351	2.34030640063425e-06	0.0254346800987161	0.0330644439488469	0.0890542729473265	1.36309652996265e-14
"HKB0692_3000_T"	0.00489705137331788	1.01379555584458e-14	0.120667161413114	0.0187504859147246	0.121672729237112	0.00208275474977096	0.00465709650373112	0.108859907158479
"HKB0698_3000_T"	1.13424188800814e-14	1.13424188800814e-14	0.252287667009812	0.0576499224913421	0.174599196292106	0.082817374494348	1.13424188800814e-14	0.0469958073474489
"HKB0701_3000_T"	0.0115764863989377	0.0030219735145754	0.444223111108633	0.0574757942380572	0.0547991346109392	0.0630852252536073	0.0327994235691919	0.0562931047515102
"HKB0704_3000_T"	0.0102166488850889	8.18972538505157e-15	0.010986201347366	0.0126681099066913	0.0270797362138074	0.101229893373364	0.00778155686500601	8.18972538505157e-15
"HKB0710_3000_T"	0.013719113146409	8.63763769758321e-15	0.00885477790129207	0.00662127275532304	0.0170146270694467	0.0288479790083837	0.160259279946202	0.209705874650382
"HKB0713_3000_T"	0.0467796287165843	1.03781798976506e-14	0.0732170072700184	0.0902449208672292	0.100549952281048	0.0501820661461892	1.03781798976506e-14	0.0160609765217425
"HKB0718_3000_T"	1.16494354366891e-14	0.00159423220036374	0.129333407444896	0.141266939145556	0.102074690789889	0.0609594165962457	0.104505372789009	0.0308959337034795
"HKB0719_3002_T"	1.49459864229871e-14	0.157520529950062	0.104007348811528	0.0904207518149067	0.185288403800408	0.0233687222715435	0.0546713432771764	2.96583082372854e-10
"HKB0721_3000_T"	0.0372944037949623	1.0195813411298e-14	0.0379817785625362	0.0887969796753689	0.115528046231425	0.0798840986863515	0.00336336343887677	0.136384203658894
"HKB0722_3002_T"	0.079897976769788	1.23564384357776e-14	0.0972312691444243	0.0716691276105125	0.223026398990133	0.00224750053188686	0.0247933859313414	0.0836064708055232
"HKB0726_3000_T"	1.24303324400211e-12	1.00146661726718e-14	0.0164380701502834	0.222356029261721	0.195375552917008	0.0976917660457544	0.00181560468253048	0.0166016131822328
"HKB0734_3000_T"	0.00666684265317091	1.22180206514418e-14	0.182097085881304	0.139521156448069	0.245255480303143	0.032948401065318	1.22180206514418e-14	0.0192953920276484
"HKB0736_3000_T"	0.0129486310938817	9.6146791499586e-15	9.6146791499586e-15	0.156840053293591	0.163465264968176	0.0492463168000732	0.368883818134872	0.0184909769355223
"HKB0737_3000_T"	0.0154810233494317	0.0218586799468092	0.371250111303091	0.0592333352121017	0.108040695261831	0.101905187830687	0.0500908705252866	0.073211275867947
"HKB0744_3000_T"	1.13800814276819e-14	1.13800814276819e-14	0.184036104588531	0.0620489261971791	0.142572027785556	1.13800814276819e-14	1.56959955547829e-11	0.00995175703597243
"HKB0748_3000_T"	0.0169928373309931	1.04614736117959e-14	0.0358398324164184	0.12298654891902	0.1321300746002	0.282679099931201	0.0238156222531881	0.0318796534051375
"HKB0750_3000_T"	0.0351458580011496	0.00333147940063587	0.000607027168867566	0.023088199504772	0.023205740410608	0.153340166361344	0.0268465163832606	0.00340496334808189
"HKB0751_3000_T"	0.0194280381620906	2.52239616262982e-11	0.0494734035496694	0.147098000546738	0.24557569968453	0.0196768282892322	0.275798634732186	5.56566709304685e-05
"HKB0752_3000_T"	0.0233541753001653	1.08041992090447e-14	0.0389753423351933	0.044771862596701	0.0932093325294571	0.0933845461046009	0.162576226873035	0.136164685727204
"HKB0004_3000_N"	0.0021017675579538	0.345581819294821	1.46663766552143e-14	0.0699164340395284	0.191810816402159	0.140965867403053	0.0339041897188513	0.0337708968559492
"HKB0005_3000_N"	0.00968595020498886	0.234078585209514	0.0456077340599249	0.162454221366289	0.084916801860689	0.225275678986952	0.0330537277219239	0.0289346771146312
"HKB0006_3000_N"	0.000691714762637309	0.347487556850379	1.25756242872106e-14	0.0783701660827918	0.172954619055531	0.184737252288642	0.0262177959106968	2.39173145898516e-06
"HKB0019_3000_N"	0.0644243357760582	0.468374590885638	0.00226182266192734	0.0945298834906634	0.105124967820243	0.126274534948165	0.0245590732305968	0.0362133566128653
"HKB0023_3000_N"	0.0574785835730322	0.478138169628782	0.00235945290617157	0.0153758459389834	0.0788728120407537	0.0872966818616937	0.083332057930285	0.0353410528430547
"HKB0033_3000_N"	1.1974192447437e-14	0.484405926987154	0.012881431875624	0.0834714213320303	0.0857229801004947	0.154864371762082	0.0703671013352384	0.0376614538661275
"HKB0035_3000_N"	0.0112003572267516	0.295080650705274	0.005153446587518	1.5012979466748e-14	0.165819080740935	0.207609476388639	0.00652058775029846	0.0562229057173296
"HKB0036_3000_N"	0.0556751228518997	0.318495533143614	0.0454061817289266	1.49855504105429e-14	0.17814799706788	0.0946363684231984	0.000494721753251992	0.0555459017240289
"HKB0038_3000_N"	0.0492334986375551	0.240187787792186	1.28724001685051e-14	0.0950262366135097	0.162555238816373	0.166952073695823	0.0473444325207711	0.0793073390809741
"HKB0040_3000_N"	1.10778134503131e-14	0.380727262671451	0.0200082715608303	0.118287061744932	0.258457884315459	0.110458132040673	0.0638575056177732	0.0193920536464931
"HKB0044_3000_N"	0.0179686468122537	0.258314157880471	0.0129139890548542	0.0320611372986489	0.234232994276003	0.202809307113995	0.0108184271862217	0.0216615902074635
"HKB0049_3000_N"	0.0348090520353149	0.416589643022328	0.0849786679857061	0.0139995645176125	0.00339532635460081	0.115466841265455	0.18059858449028	0.0810972404549489
"HKB0050_3000_N"	0.00421787857811544	0.441380640402389	0.00118266400254346	0.0754754254066432	0.182958431010804	0.167775756488305	0.0299223285952166	1.34301254776845e-14
"HKB0052_3004_N"	0.0107408280689527	0.590291407056802	0.0441802138570042	0.0382364710203872	0.0661173086647091	0.117251181697876	0.0907086637464659	0.0188137932369203
"HKB0064_3000_N"	0.0194945219322287	0.240784089275282	9.25597878665875e-15	9.25597878665875e-15	0.000940486862381433	0.0158819995803986	6.72914575336461e-09	0.0630083837822174
"HKB0067_3000_N"	0.0144694631674834	0.415566808198096	0.0264014268209671	4.8914499552887e-14	0.0271209255340798	0.0442991116669829	0.157461605975441	0.0834866948058026
"HKB0074_3003_N"	0.0604946319595212	0.520349143691263	0.0113180232869966	0.043092385821107	0.0566074167563596	0.0849699773158053	0.0384150906571659	0.0362830383458655
"HKB0079_3000_N"	1.07467930120963e-14	0.246847287174558	0.014289943795324	0.0850226140839315	0.368359964354592	0.155561193348842	0.0133312096321612	0.031757566919277
"HKB0094_3000_N"	0.000966795122853243	0.520161886334094	1.44008808965761e-14	0.0664181559505831	0.0448409362296408	0.113225217396886	0.0359590176025824	0.0542426110504593
"HKB0096_3000_N"	0.0058492100216204	0.359994593470792	0.00484919566939623	2.05057276623263e-08	0.000139796849652313	0.0847995047061374	0.0483102509273468	0.0811940609936789
"HKB0097_3004_N"	0.0239395250032694	0.520670128639803	0.0105638549618537	0.00853698051551728	0.0127449535995239	0.0686519424379783	0.118394010920881	0.0875897952088083
"HKB0098_3000_N"	0.0548692265647519	0.436030923109604	0.00719697513289774	1.11634102073401e-14	0.0140006404919555	0.0397240982113302	0.0638041239943662	0.0513179633101022
"HKB0102_3000_N"	0.0499231236363443	0.413189825955236	1.30989695863234e-14	0.0125972376496881	0.0681886551286184	0.149247603250427	0.025061829552012	0.0907762909501896
"HKB0106_3000_N"	0.0531844109969795	0.372861978188773	0.0224941477345514	1.00839841854614e-14	0.0188167147703463	0.0261388301455106	0.0568062499620104	0.0375570520914084
"HKB0109_3000_N"	0.336151796615536	0.290197426325205	0.0729731620175813	0.0033220917385043	0.00747169881502715	0.0372415443640017	0.132393031287715	0.0562317235269415
"HKB0115_3000_N"	1.18185886679894e-05	0.64389268067941	0.0443840604550928	0.012070449361913	0.0404146014756902	0.0708455550144967	0.0507812002994713	0.0767963851867449
"HKB0120_3002_N"	0.00264304641398136	0.356145031049599	0.00064922465912301	0.0804368166709074	0.150275928865379	0.117331852816279	0.0272478753067012	0.0509332701964271
"HKB0121_3000_N"	0.0797712482494719	0.365652275369163	0.0151069432214141	9.87813925256964e-15	0.0099683215221997	0.0549346933497016	0.0560778328991837	0.0661270705483096
"HKB0122_3002_N"	1.44360984236452e-14	0.455279354010105	1.44360984236452e-14	0.0296400770326539	0.0817305346345665	0.110295129305688	0.0202371108745417	0.156117296611007
"HKB0123_3000_N"	0.0485099130133247	0.338327002008087	9.84914571986529e-15	9.84914571986529e-15	0.00193994404823122	0.103231907358405	0.0248231736238567	0.0753005616938944
"HKB0124_3000_N"	0.0288420278892642	0.313098557283085	7.47870774014991e-14	1.01995072700243e-14	0.0245519094712323	0.0718477051351149	0.0116882722644052	0.0997757715577352
"HKB0127_3000_N"	2.85410292901459e-13	0.110137659280378	2.28061657089423e-12	0.042931356770892	0.262799780993015	0.151281013915476	0.00270445163880522	0.0929426535050432
"HKB0129_3002_N"	0.0942777797135046	0.354760410895018	0.0206587664527077	0.00952100996866085	0.0202436118210898	0.0894364929046501	0.0783869701600466	0.12076321700168
"HKB0132_3000_N"	0.0448480987271322	0.416830235456754	0.0121202455272804	0.00822735416682073	0.0456835078336029	0.0781570033218028	0.0967289886161553	0.0916132851270149
"HKB0133_3000_N"	0.0448311790995494	0.511992094609594	0.00844347842180083	0.0775142576512324	0.0920201390265345	0.0834210085563853	0.0634999378236145	0.0240578482381694
"HKB0134_3000_N"	0.00588507932869355	0.0350235266393014	1.13968173495032e-14	0.00117383143304324	0.104448722508691	0.018231335913467	1.13968173495032e-14	1.13968173495032e-14
"HKB0137_3000_N"	0.0166479967155929	0.407339800817186	1.50580049649978e-14	0.00706607812736702	0.104707853184865	0.117502966074728	0.0161953563269612	0.0330623388284394
"HKB0141_3000_N"	0.0446236454775515	0.149642705387025	0.00311421578954809	0.0232781194732475	0.176139906093821	0.132070378505714	1.20537661658382e-14	0.0600843975540205
"HKB0143_3000_N"	5.77105297371836e-05	0.535073680147253	0.00397580248199373	0.0460461872252379	0.13623494873359	0.166473450106221	0.0111943825933376	0.0208064334573964
"HKB0149_3000_N"	0.0419850074555943	0.338860254206144	0.0829116048486461	1.46698518896188e-14	0.0938160900969365	0.190758494736876	0.00232786017888849	0.0758634574996804
"HKB0150_3000_N"	0.0657927539490362	0.402741469096106	1.43335812956884e-14	0.0839689567618603	0.115906770929553	0.180003657780991	0.00578216904873787	0.00974744240891947
"HKB0155_3003_N"	0.00499017349956949	0.25768028866171	0.00556888069442864	9.39018187557028e-15	0.0107875628860057	0.0175993739970497	0.0151780108949176	0.0635161996577322
"HKB0157_3000_N"	9.76021053913051e-15	0.405349419587264	0.0710361197270598	9.76021053913051e-15	9.76021053913051e-15	0.038791267388796	0.103922426396036	0.0839097345534286
"HKB0158_3000_N"	0.0343361385476122	0.449019943957476	1.417753348345e-14	1.417753348345e-14	0.0141421942123224	0.0498887297527476	0.0623708944447528	0.166268918674791
"HKB0159_3000_N"	0.0526495072386231	0.450774060527743	0.00944166503037615	0.119569803005098	0.136727743672335	0.114385084169636	0.0270221266586478	0.0156701805210592
"HKB0160_3001_N"	0.0409464476216867	0.400164488403487	0.0434673341244419	0.0119145936274059	0.00342876832974251	0.0701129874576089	0.0517394659424518	0.11726193478903
"HKB0161_3000_N"	0.0449265872524288	0.297399269125295	9.8007178662944e-15	0.000816916898867395	0.0034190875769509	0.00393194991512277	0.00321016855826045	0.0939721582566136
"HKB0162_3000_N"	0.0773869147995913	0.457738460764466	0.0445405527675256	0.0755191822709474	0.0561707601467532	0.125894051430736	0.10046943837393	0.0500984351606784
"HKB0164_3000_N"	0.0241040284903035	0.264476591883566	0.0301595901411011	0.246954457934648	0.235918330982013	0.118213849349271	0.0120363430065487	0.0300794117929001
"HKB0167_3000_N"	0.041075147709399	0.398851509009308	1.2807974332662e-14	0.0661916388525967	0.0948994432715467	0.109612232266524	0.0678287991588849	0.146075894568021
"HKB0168_3000_N"	0.0119323006703782	0.157777273529711	1.13661992152492e-14	0.18024952516791	0.116344762812291	0.0550076561599591	0.00302678077154541	0.070473744521257
"HKB0179_3000_N"	0.0468395632117758	0.487705513521371	0.0238891013250505	0.118977666389	0.0178144238010539	0.12960919421619	0.0324316301031253	0.0597090797946006
"HKB0186_3002_N"	0.0722900337595061	0.34242913686256	1.37362313516449e-05	0.12952812329524	0.132828435291902	0.133487929152931	0.0252895455958833	0.05430453944056
"HKB0194_3000_N"	0.0318776358135273	0.268229546943218	0.00423482743631006	0.037942190792153	0.203888090394002	0.0938425707210092	0.0183961470551785	0.0759977850163923
"HKB0196_3000_N"	0.0751092511073994	0.550814412492812	0.0126501872106644	0.118011086262887	0.0356909862062867	0.0633511559166758	0.0565695110405477	0.0496321543196193
"HKB0198_3000_N"	1.17730775882421e-14	0.407247825594689	0.00065909436607024	0.197951597102969	0.140505712897321	0.111694737077652	0.0799631278763794	0.0168893115681353
"HKB0207_3000_N"	0.0239869467521617	0.34198160737844	0.0100780791842976	3.54967288292775e-13	1.03633052889873e-14	0.00243830840035826	0.0896782642909545	0.10879575104694
"HKB0210_3000_N"	0.106220411272053	0.24526214875232	0.0241195659918592	0.0298522773797457	0.00404541904897973	0.384225017452081	0.0603977883716091	0.0913421208091324
"HKB0211_3000_N"	0.042742973891557	0.410119655947571	0.0383439396001135	0.0121085068565409	1.18399661743718e-10	0.0930388309230712	0.142799360689538	0.09196353757139
"HKB0214_3000_N"	0.00558549237788001	0.380913089193711	0.0659949046304106	0.184796244903425	0.156757569550853	0.102075400036049	0.0351190621507519	0.0586761133289401
"HKB0216_3000_N"	7.9220596162383e-15	7.9220596162383e-15	0.248735210672539	0.00805506236657908	7.9220596162383e-15	7.9220596162383e-15	0.121943035799059	0.484606931583713
"HKB0219_3000_N"	0.040383415360283	0.50467638620281	0.0203821723698253	0.0860093124470812	0.0879736203782452	0.0503693571815623	0.124007553047181	0.046066530561279
"HKB0220_3003_N"	0.0159412514334791	0.324794216784382	0.0128251400731923	0.023307706478792	0.00705221903981226	0.00135600084308089	0.229574898130642	0.106097742757735
"HKB0221_3000_N"	0.0605162404129862	0.518680886853814	0.021517117952812	0.0298490470298991	0.126656522301148	0.108284847883178	0.0490840701476712	0.0359564562282954
"HKB0222_3000_N"	0.0224824339988786	0.39817821541976	0.0810287927035046	0.157412465825542	0.134314623119666	0.120283986712547	0.0749491874644753	0.00466315865633789
"HKB0225_3000_N"	0.0143849975223068	0.210531416362681	1.28019121036118e-14	0.189422941964828	0.123331093768091	0.0990649764164116	0.0198798952532908	0.0402549790829019
"HKB0226_3000_N"	9.88258169056062e-15	0.336143468984057	0.00210770653537781	9.88258169056062e-15	0.0138827176839678	0.0296897886940969	0.0641681258280412	0.0779563164774407
"HKB0227_3000_N"	0.00396620847055078	0.53138295858267	0.00514669833648102	0.11669303682966	0.113864015791135	0.0558751815968046	0.048581653921814	0.0318294458031503
"HKB0233_3000_N"	0.0750623950263018	0.0798753671730814	1.17266386518286e-14	0.157335759096726	0.200945774085145	0.180297990941568	1.17266386518286e-14	0.0790267741781517
"HKB0538_3000_N"	1.1339564393459e-14	0.183048069197215	1.1339564393459e-14	0.290336241470129	0.0941506675309912	0.114304452079837	0.0299001149287434	0.0488164717799243
"HKB0562_3000_N"	1.1019597265869e-14	0.171826157947779	0.010884758878698	0.249094812980494	0.221813516022985	0.168915847945076	0.000200612872159085	0.013598856128365
"HKB0571_3000_N"	0.0457463535908813	0.418263731259774	0.0070743192517491	0.0843263846471972	0.0608134862913421	0.0559998154526799	0.0838941501209715	0.0535227674913278
"HKB0574_3000_N"	9.96731973304125e-15	0.38133728440556	0.0146502140813632	0.0436451577019877	0.0384686691694327	0.0282123256532836	0.159988433534536	0.0761651153513513
"HKB0577_3000_N"	0.0024519423158608	0.452462649203861	0.0733728575826059	0.073369286152381	0.0358179528671168	0.124344902367159	0.107467391571904	0.115765706352896
"HKB0583_3000_N"	0.0472072731252963	0.40679084428612	0.0174791135589365	0.0215384585123033	0.0190026825969675	0.0376298313034051	0.0195628876030146	0.0700139419138772
"HKB0597_3000_N"	0.529018280991328	0.179552917962182	0.00789256139851322	0.0296406612978261	0.00637949178537393	0.0567762160815687	0.0664122239054604	0.0658393537475478
"HKB0618_3000_N"	0.00404147507912429	0.389667020915565	0.00222205354572497	0.0390983706587106	0.028977639700002	0.0281307857390765	0.106872856815127	0.0615688537503833
"HKB0636_3000_N"	0.104755523974155	0.237147900595	0.0019336989345237	0.262201249986747	0.0696931808997752	0.118205154214562	0.0457485664211283	0.000958840250999984
"HKB0648_3000_N"	0.0273403758357792	0.353061898805058	0.100827034542706	0.0757026140296408	0.0565470082833953	0.110142722512165	0.162134059071727	0.0425072783818613
"HKB0651_3000_N"	0.000324935113076255	0.166860762963758	1.24041509785425e-14	0.0954038569848817	0.0472247209449691	0.107981154991674	0.0351676206114278	0.0270693493279415
"HKB0657_3000_N"	0.0575952292219669	0.324868688467645	0.00222961425813333	0.0913434474122827	0.0456201138089066	0.0965118756324577	0.0116950450585434	0.00779918150783562
"HKB0663_3000_N"	0.0275393377225296	0.480738539652687	0.00911404320935081	0.0126675965980871	0.0309582320650278	0.0751208220603636	0.0797754502279033	0.107841675948112
"HKB0666_3000_N"	0.0343410365187473	0.409710442058929	1.28903776847101e-14	9.803987215111e-12	0.0108468111845085	0.0534586808350439	1.28903776847101e-14	0.0295477687715607
"HKB0672_3000_N"	0.0590599308008554	0.455226249862604	0.0175773406717094	0.0520761313553789	0.00690527808243615	0.0396277531578189	0.109179915170046	0.0916488539865653
"HKB0710_3001_N"	0.0266294456466161	0.496844375980472	2.0447304045108e-08	0.149276873824016	0.136077208397064	0.035732302742987	0.02472263118496	0.036181622351089
"HKB0718_3001_N"	0.117691429048479	0.318093321555494	0.00192366371266289	0.191255837495677	0.065663852282565	0.122186712785832	0.0508694813455238	0.0454402572981705
"HKB0719_3001_N"	0.520413501902733	0.194402676715725	0.00401049244975962	0.00863640503290409	3.73315714432753e-08	0.0616041959059313	0.00174349237088506	0.0340662443742345
"HKB0722_3001_N"	0.0255531418156503	0.380430446936672	1.2442084859704e-14	0.17137808191186	0.11469305397797	0.164638686498049	0.0148174069623924	0.000282730158572952
"HKB0744_3001_N"	0.0350795224884033	0.225917720793727	0.0062935333784497	0.00592551105743859	0.0094294440155885	9.43931935144097e-15	0.0937380935368481	0.0717674587662857
"HKB0748_3001_N"	0.00735078947008067	0.35109748933947	0.133766233232045	0.0842061724222823	0.083191497532875	0.188796694222169	0.115389442214135	0.0177781066239841
"HKB0751_3001_N"	0.0162142290258278	0.421681559064907	0.0116204402063216	0.146313257398714	0.102770213523033	0.0570683106119261	1.37036702066691e-14	0.0119233679669887
"HKB0752_3001_N"	0.0132511460959892	0.339729930638684	1.0773616225446e-14	0.151396500809213	0.0209932468011463	0.210059935540956	0.0147276358489216	1.0773616225446e-14
