"ID"	"S01"	"S02"	"S03"	"S04"	"S05"	"S06"	"S07"
"HKB0004_3006_T"	0.0135273358310281	8.78760689139647e-15	0.0218777357859142	8.78760689139647e-15	0.037479254235546	0.0287443714840264	6.72929943264047e-09
"HKB0005_3001_T"	0.00281228100979791	1.48037303585201e-05	0.00832882894979539	9.41333634554196e-15	0.0778088022787834	0.0821811295115354	0.0519169028571501
"HKB0006_3006_T"	1.07951845052651e-14	1.07951845052651e-14	0.00384057217480389	1.07951845052651e-14	0.0456339233514033	0.0344402398543803	1.07951845052651e-14
"HKB0007_3005_T"	0.14864152018173	0.0922844243170666	0.0466399293703078	1.11697098503488e-14	0.00941889942570228	0.0591709944034284	0.0405004395491236
"HKB0008_3006_T"	0.103085761994717	0.118894954041761	0.0615482875616632	0.0232139270745015	0.0288403060266891	0.12892620778059	1.29192810201062e-14
"HKB0016_3006_T"	0.0578051311918387	0.142395550789221	0.0207174255483817	1.20221230636803e-14	0.0210302300014701	0.126211361453463	0.113369858156524
"HKB0019_3006_T"	0.0219915693789533	1.18855415882216e-14	0.0194903315810639	1.18855415882216e-14	0.0718099120126799	0.0386066679521574	1.18855415882216e-14
"HKB0023_3006_T"	0.0101301243892632	0.0172642977573012	0.0140892728404162	1.36912951983329e-14	0.106347145268482	0.0918014091246682	0.00534450960213367
"HKB0031_3001_T"	7.16788376875332e-14	0.0210907836934105	0.0242053086072498	1.52226352585795e-14	0.0120931177117052	0.0341422002521736	0.0512483427353802
"HKB0033_3006_T"	0.00110078559723188	0.00544121084518973	1.96691277315569e-14	0.00178080227434312	0.0895220084711649	0.144847509568463	0.0318402072671894
"HKB0035_3006_T"	0.0915282904259269	0.103556096971785	0.110850942312606	1.05077350433201e-14	0.0661355270337977	0.0413230962600531	0.00873512412674417
"HKB0036_3006_T"	0.0313806715083644	8.11114329061343e-15	0.00892049871478056	8.11114329061343e-15	0.0474008773087445	0.0237669728622888	0.034585526950859
"HKB0038_3006_T"	1.66141069728188e-10	0.000474409430450915	1.54771119934048e-14	1.54771119934048e-14	0.0110608445862119	1.54771119934048e-14	0.0864574435275674
"HKB0040_3002_T"	0.26183104531013	0.389982643594114	0.0212235159855138	5.89497114126498e-15	0.0334584412688066	0.0456109096597898	0.0101515760176058
"HKB0044_3006_T"	0.270563379292505	0.0919472169515184	0.100921480044698	8.79078026816237e-15	0.00704233469020672	8.79078026816237e-15	8.79078026816237e-15
"HKB0049_3006_T"	0.0521621608205773	0.0865122650496687	1.61912859805304e-14	0.0286406215693644	0.0339315745970257	0.1497419802188	1.61912859805304e-14
"HKB0050_3005_T"	0.25215197573867	0.268444255533477	0.0239640973268536	1.02170481221971e-14	0.00884891339138891	1.02170481221971e-14	0.0182462866331402
"HKB0052_3000_T"	0.0332644063358607	0.367962484060311	0.0262940222305899	0.0645884053259128	0.00202971889198276	0.0899031539621811	0.0327498971866547
"HKB0054_3000_T"	0.142477405660068	0.40881589874929	0.00182116656686609	0.0156788414751283	0.0299904188988883	0.0234420182632481	0.0159228382881894
"HKB0056_3002_T"	0.140107589597383	0.0210759916106483	8.01407174955958e-05	1.10024045824513e-14	2.57372864481881e-10	0.104648889491772	0.0366505210022613
"HKB0064_3004_T"	0.0261919000383845	0.044845687556952	0.135823406974492	0.0320216355825986	1.55880568391865e-14	0.0608000102527821	7.99560438899358e-06
"HKB0065_3006_T"	0.121860322033107	0.0577553622525689	0.0010699361865423	1.18451346903832e-14	0.0982653109729076	0.0551284103880983	1.18451346903832e-14
"HKB0067_3006_T"	0.105705793398057	0.131643127516368	1.68421169710816e-14	1.68421169710816e-14	0.00563284208079159	0.0735284667941605	0.0617946298325163
"HKB0069_3000_T"	0.206795278855989	0.204040508986574	0.115415950560328	9.25632279972111e-15	0.0279104164105696	0.047101581409913	9.25632279972111e-15
"HKB0070_3002_T"	0.0191644979626011	0.00853274100775073	0.00882903525604616	0.00751693760566902	0.0222300373171181	0.0267945750476864	1.6120953009477e-14
"HKB0074_3000_T"	0.0923853279649946	0.43973417497307	0.00510307759945433	0.0228823338623918	0.129124511780009	0.0237455397790289	0.0747751227315639
"HKB0078_3000_T"	1.30069495804354e-14	0.0186559078348764	1.30069495804354e-14	1.30069495804354e-14	0.0412030352042145	0.133288074462406	0.0716236865890752
"HKB0079_3006_T"	0.254342066522967	0.150894630532306	2.97835531961538e-13	9.37203333573639e-15	0.00821418362667292	0.0184629188407955	0.0466576644099854
"HKB0080_3006_T"	0.0222951935787074	1.25801188013498e-14	0.0499975640792407	1.25801188013498e-14	0.00849750355768201	0.0419178359598831	4.65645028761574e-10
"HKB0082_3006_T"	0.361637456696514	0.103977514689418	0.0505985176273638	1.01531424432734e-14	0.0231002183220734	0.00680458724518387	0.00565723813382655
"HKB0084_3000_T"	0.179417009915799	0.0808459445604507	0.00149848362388022	1.1882898143512e-14	1.1882898143512e-14	0.183732591519948	1.1882898143512e-14
"HKB0086_3006_T"	0.0191349574140996	1.43174115841155e-14	0.0262553374615705	1.43174115841155e-14	1.43174115841155e-14	0.14588673491461	0.0120935519213145
"HKB0088_3000_T"	0.103773566200354	0.0334725272033471	0.0499510406295059	0.0234865206064453	0.0198891822363623	0.134141771378005	8.06558290223623e-11
"HKB0089_3001_T"	0.12433477858875	0.111072876365562	0.118314397578964	1.26608149296354e-14	0.0113284868064248	1.26608149296354e-14	0.102031459636257
"HKB0091_3001_T"	0.19909987183224	0.0801787930860902	0.0379434151760005	8.05850094260986e-15	0.238935310814494	0.0361726748838658	8.05850094260986e-15
"HKB0092_3000_T"	0.000935210159837168	6.4589260409327e-15	0.0135969126712687	6.4589260409327e-15	0.0562126183258439	0.0597295204629157	0.0124662890478986
"HKB0094_3006_T"	0.112288446510381	0.252597200828066	0.0144521617949879	1.07492992244774e-14	1.07492992244774e-14	0.077567185412666	1.07492992244774e-14
"HKB0096_3001_T"	9.99565470338812e-15	9.99565470338812e-15	0.0643467683754219	9.99565470338812e-15	9.99565470338812e-15	0.00565260726079936	0.0291266489217909
"HKB0097_3000_T"	1.60636378934515e-14	0.0556263085497733	1.60636378934515e-14	0.00226324970232366	1.60636378934515e-14	1.60636378934515e-14	1.60636378934515e-14
"HKB0098_3005_T"	0.136858498173472	0.138713442420168	5.69560979016467e-09	1.16668988236828e-14	0.150573960117838	0.034777625018093	0.0298978226294324
"HKB0100_3006_T"	6.39370635173561e-15	0.0128949328305021	0.00449122526527657	6.39370635173561e-15	0.00353712984087421	0.0266388791059648	0.000245685644483508
"HKB0101_3000_T"	0.0472838296950742	0.162917201289843	0.109131115429187	1.54486731686273e-14	0.0091347823985819	0.13260382564013	1.54486731686273e-14
"HKB0102_3006_T"	0.00707304930910178	0.00143819874810213	1.80923469954047e-14	8.89769965094609e-05	0.0531775069828918	0.0562175567657927	0.0693804290669189
"HKB0104_3006_T"	8.60871590823517e-15	0.0263015523223537	0.0550333783304016	8.60871590823517e-15	8.60871590823517e-15	0.0819803648503905	0.0386767454545008
"HKB0106_3006_T"	1.69032550805235e-14	0.00751716972566931	0.111866194274859	1.69032550805235e-14	0.00461579966649659	1.69032550805235e-14	0.0065711733878683
"HKB0108_3000_T"	1.14978066684064e-14	1.14978066684064e-14	0.0122541560399345	1.14978066684064e-14	0.012792156610005	0.00168421638892322	0.0486102745554901
"HKB0109_3006_T"	0.0179654683169058	0.00316158607094319	0.00242386206416504	1.53305411253881e-14	0.012581531863656	0.0173425538106972	1.53305411253881e-14
"HKB0115_3006_T"	0.111701792761859	0.185504954502954	1.35821812151503e-14	1.35821812151503e-14	0.0370955623780709	0.033900355053351	0.00597842410914853
"HKB0120_3000_T"	0.0948527103943249	0.213225558732161	0.103366658172929	0.0775502443438228	0.018152759866933	0.00569419774981927	0.0221546665077069
"HKB0121_3006_T"	0.0921465108749	0.0859613147885483	0.0270193255066469	1.20946620433235e-14	0.00114968222862065	1.20946620433235e-14	0.0206174830436604
"HKB0123_3006_T"	0.00220575575266376	1.30555674445749e-14	0.0451867083463209	1.30555674445749e-14	0.060858749443932	1.30555674445749e-14	6.74282026322143e-12
"HKB0124_3003_T"	0.00477211710093799	0.0104836953404368	0.0217367346125763	0.0096538924428179	1.7138765952303e-14	0.0737914118943914	0.0301467912406742
"HKB0125_3006_T"	9.62356786305055e-15	9.62356786305055e-15	9.62356786305055e-15	9.62356786305055e-15	0.0519747098862375	0.0962224808156299	0.0303482485828046
"HKB0127_3006_T"	0.051921777384918	0.308915171075986	1.43972053335445e-14	1.43972053335445e-14	0.0119231901693664	1.43972053335445e-14	0.0312806077630649
"HKB0129_3000_T"	0.103704394700413	0.312037918563107	0.0320626785437277	0.100865198753506	0.0550060380799402	0.0966398021872735	0.0399224070928963
"HKB0132_3006_T"	0.0427187881387705	0.123727018626303	0.0166349071202472	1.10654955523765e-14	0.0433618127049148	0.0107583144743191	0.209572960089852
"HKB0134_3006_T"	0.190487369978862	0.128645093200666	0.0640218778342399	1.05570604750233e-14	0.0718464944768101	0.0549438759888056	1.05570604750233e-14
"HKB0137_3002_T"	0.204930127535366	0.0496813393188437	0.00681070433120036	1.0887302019911e-14	0.0258838885631204	0.0660787365213567	0.0404900863970465
"HKB0141_3006_T"	0.00451073272354003	0.0520592863371325	0.0871620624234712	1.71343489141108e-14	0.0762113507645941	0.0469304884926112	1.71343489141108e-14
"HKB0143_3006_T"	0.13963532181164	0.120720029916471	0.127517320843458	1.31887868159757e-14	1.31887868159757e-14	0.00437210008138214	0.0163540458095977
"HKB0147_3000_T"	1.19428517045996e-14	0.00328118768455847	0.0867201383307318	1.19428517045996e-14	0.104439724006027	0.0322792296955801	0.00804091961175464
"HKB0150_3006_T"	8.31724221662611e-15	0.00525891551669096	8.31724221662611e-15	8.31724221662611e-15	0.00208212506974931	0.0249736707812877	8.31724221662611e-15
"HKB0155_3000_T"	0.0545747202121837	0.234951952087197	0.0680824638879392	0.0219249416902516	0.0317038355329152	0.0281798128419832	0.033490246307327
"HKB0157_3006_T"	0.022799158615427	0.0904339049971285	0.0102945822692294	1.23043678974863e-14	0.0992680962242284	0.0197570535914194	0.0871711736397811
"HKB0158_3006_T"	0.0295657644106009	0.0684084097139018	0.241734512084252	0.00200429833230801	0.0358013864250091	0.0960390794672521	0.0291246697066808
"HKB0159_3006_T"	0.0225074575112528	0.000525018802814333	0.0458740354190208	0.00638080390217533	0.0392115767511507	0.220773980922127	0.0205178989697809
"HKB0160_3000_T"	1.09326081477732e-14	1.09326081477732e-14	0.16189382593925	0.231466973264429	0.0529682020467311	0.00148159723298075	0.0707639070859216
"HKB0161_3001_T"	3.76494726366797e-08	0.172914465742222	0.00963177860902723	0.028168206616573	0.112515954339387	0.0784274337242819	0.146521467553256
"HKB0162_3006_T"	0.101474647090079	0.243488938034487	0.0160335887941177	1.24620351868465e-14	0.0146851298252466	0.0459278316665516	0.101290379634659
"HKB0164_3006_T"	1.70109043719301e-05	0.0337964499126504	0.037355303829208	0.0114279484971224	0.116008733379408	0.186976255196504	0.0186337538701414
"HKB0167_3006_T"	0.375477744532229	0.247871588280359	0.0295391709181923	7.7316346706795e-15	0.0121511662944096	0.0624456526727331	7.7316346706795e-15
"HKB0168_3006_T"	1.94968447555083e-14	0.115504300518469	0.0268373127598736	1.94968447555083e-14	0.0141835131098244	0.0644161269823075	0.0466328693244285
"HKB0179_3006_T"	0.0398644318550217	0.0569974662388564	0.0099839415142044	1.50356923426722e-14	0.114154094093925	0.229124221251775	1.50356923426722e-14
"HKB0182_3006_T"	0.00473654314813348	0.0410796045535314	0.00154628153124348	1.40778041764912e-14	0.0414684317720217	0.113505348293374	0.0298658397005003
"HKB0186_3000_T"	0.072422167289651	0.307686568354418	0.00230646069563199	0.0795858104943603	0.061484927648466	0.0463431513707336	0.0305117890942227
"HKB0191_3001_T"	0.0425206829134083	0.103244860537492	0.00504984201471998	0.00652187447452813	0.11732554495162	0.103093703022218	1.76473269382813e-10
"HKB0194_3006_T"	0.210962304711194	0.234563229330773	9.34356534391639e-15	9.34356534391639e-15	0.00101173258581065	0.0423986855196678	0.00753896044838438
"HKB0196_3006_T"	1.35444948018809e-14	0.00616694715766612	0.0656805023066793	0.00231672015418448	0.00841095189149641	0.186783307484231	0.0284591170757993
"HKB0207_3001_T"	0.129550575219856	0.252264544231795	6.4602020758714e-09	0.109221714945588	0.0773546525365143	0.0263474644282652	0.029699826819346
"HKB0208_3006_T"	0.0322874542499636	0.0670773872862999	0.0747986628844554	0.000778694815989591	0.024138956081595	0.177426998448097	1.42934841074544e-14
"HKB0209_3004_T"	0.0499346999953095	0.00948082112288822	0.0769999908954235	1.12249252042324e-14	0.162657668752234	0.0704534287579466	0.0404419365466967
"HKB0210_3006_T"	0.0234216988946534	8.04606904742075e-15	0.112639187012859	2.58228221704356e-08	0.305704816681847	0.152220314623369	0.0213387711123114
"HKB0211_3002_T"	4.08377981583962e-15	0.0280151466868714	0.0247066189916184	0.0022723819492422	0.0309269630720057	0.0171924474419395	0.0942498967088296
"HKB0214_3006_T"	0.0568107968070366	0.197135175197267	0.0952929264643397	9.91354124630019e-15	0.0690880079719903	0.0788021672133846	0.0831992504728314
"HKB0217_3005_T"	1.06668087044639e-14	1.06668087044639e-14	0.133878189003166	1.06668087044639e-14	0.0679304089248796	0.0346448712269435	0.00954216197409365
"HKB0219_3001_T"	1.65239578234114e-14	1.65239578234114e-14	0.0570850376121506	1.65239578234114e-14	0.0595181624755454	0.0255991135200024	0.0312257758020037
"HKB0220_3000_T"	0.194956733421109	0.288185268934358	0.0113009038385282	8.84093234890724e-15	0.0552828310013461	0.0421917721979227	8.84093234890724e-15
"HKB0221_3001_T"	0.07141974002057	0.0482144286542235	2.39550317693713e-09	1.84752873360874e-14	0.0543011944775909	0.115983161877175	0.0711957275336296
"HKB0222_3006_T"	0.0025923764983104	0.00983859914958454	0.00773764780245373	0.014582082205024	0.0259727750310283	0.308482538638343	0.00817680770226112
"HKB0225_3001_T"	9.918108834064e-15	9.918108834064e-15	0.0312547370385957	9.918108834064e-15	0.0336746204567103	0.122620297530848	9.918108834064e-15
"HKB0226_3001_T"	1.43347867744203e-14	1.43347867744203e-14	0.023521082253198	1.43347867744203e-14	0.0484693779251632	0.159211587300072	0.0302099036149343
"HKB0227_3006_T"	0.0701228976356195	0.05894240578177	0.00974412603075721	1.4894142117166e-14	0.00176386947986131	0.0383451237780249	1.4894142117166e-14
"HKB0228_3002_T"	0.00894019539663169	0.0228422591634678	2.35630563268055e-13	1.28602171639678e-14	0.140246545278579	0.0390267213638047	0.0599231566057351
"HKB0230_3006_T"	0.0398239555280648	0.00100655158259534	0.0387526393283187	1.53625531113533e-14	0.0219502042754087	0.0845786067529897	0.0233222167795862
"HKB0232_3000_T"	9.08421711129622e-15	9.08421711129622e-15	9.08421711129622e-15	9.08421711129622e-15	0.117067401953905	0.0779365892601893	0.0124487208266971
"HKB0233_3006_T"	0.00561631962416582	6.39224036443287e-15	6.39224036443287e-15	6.39224036443287e-15	0.013603177833793	0.0862737017647318	6.39224036443287e-15
"HKB0540_3000_T"	0.00420000193591975	1.32207124025372e-14	0.0708628313395314	0.00596828295328742	1.32207124025372e-14	0.116415598005246	1.32207124025372e-14
"HKB0552_3000_T"	0.0473259863199261	1.92323204710192e-14	0.0130972250566585	0.14106409423337	1.92323204710192e-14	0.185639149993405	0.0977913649094808
"HKB0558_3000_T"	0.0215947446200748	0.0363250420297453	0.0534833012282138	1.56519731910977e-14	0.00323355507862797	0.167565067269536	0.109323915740893
"HKB0564_3000_T"	0.00018372052040929	0.0883251138475126	0.0750872621259993	1.31108298726955e-14	0.106007736224828	0.0904452210099375	0.0644393847116209
"HKB0573_3000_T"	0.13257308716627	0.367974292525866	0.00207618635336585	2.32873192898059e-14	0.0823292635682362	0.0252561505174504	0.00789151255622981
"HKB0576_3000_T"	0.0189761517985339	0.0187588188610354	0.0401734975220969	1.37615317598008e-14	0.0328313460944972	0.0590406662903915	0.015805864407436
"HKB0579_3000_T"	0.0973988755712504	0.3036241507572	0.00831775543150287	1.19649655633791e-14	0.046534837705904	0.0991334095303727	0.160068547670945
"HKB0585_3000_T"	1.06834719658399e-14	1.06834719658399e-14	0.0410354223341051	0.0386274160396738	0.00621581672046124	0.0383009212575001	1.06834719658399e-14
"HKB0599_3000_T"	0.0917568889541028	1.27869926186344e-14	0.0945087183844918	1.27869926186344e-14	0.0617002598099266	0.183849459543443	1.27869926186344e-14
"HKB0605_3000_T"	0.138718273722797	0.132304144752797	0.0598360657806212	1.53079527153971e-14	0.0115985644764575	0.0667720258853932	0.0147053845320726
"HKB0620_3000_T"	0.0200413039447899	0.124074994469446	0.141467386592875	1.21333501750364e-14	1.21333501750364e-14	0.0388380819070425	0.0779656303433176
"HKB0626_3000_T"	8.23144685791025e-15	8.23144685791025e-15	0.043985850521836	8.23144685791025e-15	0.0191682582022197	0.00840096165971892	0.0100635180281791
"HKB0629_3000_T"	1.25176969482074e-14	0.000873996432705615	3.35669800951029e-11	0.013650206725401	1.25176969482074e-14	0.0604028992309953	0.113607861427957
"HKB0638_3000_T"	1.40631808213564e-14	0.0272538495663748	0.165446592290212	1.40631808213564e-14	1.40631808213564e-14	0.112299586817569	1.40631808213564e-14
"HKB0644_3000_T"	1.03190061635575e-14	0.00502956416857021	0.00374979390851707	1.03190061635575e-14	0.086489338558826	0.0799234940939476	1.03190061635575e-14
"HKB0650_3000_T"	0.227469267841101	0.195338861207357	0.0081714562172552	1.02406504008104e-14	0.0570444902114033	0.120421134083203	0.0129379639048206
"HKB0653_3000_T"	0.0826076749907612	0.142702680547309	0.0106444305460019	1.3602809538451e-14	1.3602809538451e-14	0.0510418396003993	0.125147328128385
"HKB0656_3000_T"	1.39419198906289e-14	0.0189058814640056	0.00624280770385791	1.39419198906289e-14	1.39419198906289e-14	0.0518700747211711	0.0273553701030508
"HKB0659_3000_T"	0.359559989561911	0.24828409778874	0.0136028345759996	8.7890808157376e-15	8.7890808157376e-15	0.0325949646578488	0.0828842651408054
"HKB0665_3000_T"	1.29165982804426e-14	1.29165982804426e-14	0.0144326821669596	1.29165982804426e-14	0.0218034806054869	0.102165122009455	0.0113564981381105
"HKB0668_3000_T"	0.0588012139845779	0.0568782535964495	0.0805270971187129	1.22516397355773e-14	0.0730756964174178	0.0564039915109349	0.0213102783641409
"HKB0674_3000_T"	0.222544372260658	0.333152375325729	0.0803483983870367	6.61588694967526e-15	0.0308333638581369	0.0206377263904427	5.12019888548974e-11
"HKB0677_3000_T"	1.14176650379735e-14	0.0217005738511524	1.14176650379735e-14	1.14176650379735e-14	0.0653807763246441	0.039758459353369	0.0437436595485079
"HKB0683_3000_T"	0.229396950735574	0.244166907960719	0.0165120435765483	1.31027343964646e-14	0.0705367616345923	1.31027343964646e-14	0.0273026189222316
"HKB0692_3000_T"	8.06418010896938e-13	0.00228384084990319	0.053421355497513	1.12125600652906e-14	1.12125600652906e-14	0.00995990976998584	0.035177888180965
"HKB0698_3000_T"	0.0605003959768015	0.00418041231160919	0.072715352993442	1.45011689491189e-14	0.0438350217764083	0.0449281841343109	0.0515735481208569
"HKB0701_3000_T"	0.00670868113649559	1.32113182300169e-14	0.0135286596223794	1.32113182300169e-14	0.105337803891935	0.0195385028230491	0.0414308270093244
"HKB0704_3000_T"	9.71567084292088e-15	9.71567084292088e-15	0.0356496492518083	9.71567084292088e-15	9.71567084292088e-15	0.0458828393504027	0.00565881329285779
"HKB0710_3000_T"	0.386738386702991	0.107683608153114	0.013615648063476	8.32774640604189e-15	0.0888754617014755	0.0131871789298638	0.0419733670565017
"HKB0713_3000_T"	1.1116813249771e-14	1.1116813249771e-14	0.0401217486233292	1.1116813249771e-14	0.0565781595662122	0.142371598117151	0.0107253121145898
"HKB0718_3000_T"	0.25651589664536	0.11653925918574	0.0590061848669233	9.69122879450448e-15	0.112019911003227	0.177057875901759	0.0156424439452957
"HKB0719_3002_T"	0.0229928257945841	0.237192782165121	0.0256003916639425	0.103813531996802	0.16285059583167	0.0379856945485185	0.0355726688119914
"HKB0721_3000_T"	0.0287999836700119	0.046518163934996	0.0439223433941707	1.27455856264128e-14	0.0282300072566696	0.108593826219817	0.0807148759106087
"HKB0722_3002_T"	0.124906124009211	0.00931797879600942	0.0677952655829079	1.51171847637816e-14	0.00446784981198121	0.066176546397617	1.51171847637816e-14
"HKB0726_3000_T"	0.000865311589213775	1.30553853997458e-14	0.0458722429218405	1.30553853997458e-14	0.0387305658013885	0.218258943902683	1.30553853997458e-14
"HKB0734_3000_T"	0.00159714644892531	1.50265738878814e-14	1.50265738878814e-14	0.00692458328085373	1.50265738878814e-14	0.130484279450924	0.0810804339936479
"HKB0736_3000_T"	0.279424415465302	0.389395296431116	0.0367658793834206	6.27681763777784e-15	6.27681763777784e-15	0.0869547968392782	0.00783861807056361
"HKB0737_3000_T"	0.0959641091770966	0.136313450450576	0.0830016404660001	0.00806345828294767	0.010988028693642	0.0494751779356627	1.47151553109156e-14
"HKB0744_3000_T"	1.31821470534143e-14	1.31821470534143e-14	0.0138050045497189	1.31821470534143e-14	1.31821470534143e-14	0.0396590006325071	0.0242678791240815
"HKB0748_3000_T"	0.0993723941846855	0.0562879896984455	0.106793079500841	1.23034445430268e-14	0.0245677429107617	0.101925890487223	0.0170433833564464
"HKB0750_3000_T"	1.27750355614244e-14	1.27750355614244e-14	0.0168431220039102	0.00782189869830029	0.0654570428626521	0.051005740707066	0.0529324041104885
"HKB0751_3000_T"	0.272389210547963	0.322959605725791	0.0344168324382276	9.68280168474702e-15	0.0291236260889421	0.0664953604846574	9.68280168474702e-15
"HKB0752_3000_T"	0.234396542359609	0.100042461899521	0.221812102562614	7.52739768674989e-15	0.0324132393731857	0.0604631835807059	0.0112430997140464
"HKB0004_3000_N"	0.114682747127785	0.0665572431806466	0.0425980256232809	0.222698767743269	0.135560722440116	0.0769227373091018	0.0943122548841821
"HKB0005_3000_N"	0.0362990701472582	0.0557165884251557	0.0124258388155369	0.0950244332619877	0.238553134475076	0.0995606679830047	0.0910132888513403
"HKB0006_3000_N"	0.0199172051150409	0.087844511440422	0.0356359340763522	0.20673300399683	0.0562896340503798	0.0685676734964528	0.0346941159608706
"HKB0019_3000_N"	0.0082175179162301	0.0180537905492499	0.0273047848387855	0.302553855734738	0.115775842704892	0.0721345809894188	0.082148474190727
"HKB0023_3000_N"	0.0183559781463221	0.0620225906762183	0.0951905465920864	0.44373296603848	0.0491216333253299	0.0284077365737643	0.00968596558397068
"HKB0033_3000_N"	1.18885220536929e-14	0.0288549628420877	0.103139794460652	0.305174937213838	0.10819955632731	0.0930709494955812	0.0644330974829692
"HKB0035_3000_N"	0.0346498223781031	0.00997690313860843	0.0380242872134866	0.113886160517017	0.187259081080632	0.00781558771508919	1.0494314644069e-14
"HKB0036_3000_N"	0.0422762352855907	0.0314321594949174	0.0332977698516375	0.15596969695003	0.177719510004985	1.73976186859185e-14	0.0993143672690432
"HKB0038_3000_N"	0.0328243984914749	0.0528138425861078	0.00177784476049903	0.179667431906373	0.11691406597079	0.0921265347382424	0.114033009313513
"HKB0040_3000_N"	0.0496247007540251	0.156250320605521	0.0744120929088972	0.158091484067159	0.119925172061566	0.120433465599934	0.0900598522042772
"HKB0044_3000_N"	0.0171876715645606	0.0376895718068441	0.0475175680375989	0.091469543137075	0.228950724350123	0.0524846126268716	0.0623233318222322
"HKB0049_3000_N"	0.0261416266001712	0.0488381703913108	0.0785420643573939	0.393562671314345	0.0347066903035515	0.0158683833387852	0.0282515480097364
"HKB0050_3000_N"	0.0658028651014995	0.0183602783595168	0.0590684783021244	0.262041100231026	0.0504141302198459	0.0650428648869628	0.0540066185243949
"HKB0052_3004_N"	0.0299642306503797	0.0682650484598838	0.0774393055649403	0.365653611263405	0.0786917430792323	0.0221600310654457	0.0533133484849406
"HKB0064_3000_N"	8.2371335817117e-15	8.2371335817117e-15	0.113719405136971	0.148928938648807	0.000143739053881537	8.2371335817117e-15	0.0493857030922989
"HKB0067_3000_N"	5.24527903652266e-06	1.04297196818524e-14	0.0694159601753135	0.317331104542347	0.0491438881342419	0.0045889390930794	0.0495388724073653
"HKB0074_3003_N"	1.03290028654205e-14	0.0596939034042142	0.0636196014098335	0.30889356743644	0.0986062368070273	0.0318362467405006	0.0299789415323551
"HKB0079_3000_N"	0.000860343665923253	0.057626607638821	0.0551667761771511	0.0921533936489132	0.217507065850373	0.120588705086028	0.036898473901196
"HKB0094_3000_N"	0.00949940058234848	0.0400966600425442	0.0524827077251767	0.384088394900241	0.145641712631924	0.0562088213798722	0.0746584664022044
"HKB0096_3000_N"	7.32928270192647e-15	7.32928270192647e-15	0.064864126131614	0.19081894233278	0.0183697827839506	0.00231365268328601	0.0255948588861504
"HKB0097_3004_N"	0.0306224976921107	0.00352155710612999	0.0353405512319931	0.491935675922335	0.0668851877411679	1.28720394192918e-14	0.0286243626395776
"HKB0098_3000_N"	1.60893265873035e-09	0.0378536094221946	0.016287791013833	0.33355649690405	0.0383825300092728	1.00415216577089e-14	0.0797479860265835
"HKB0102_3000_N"	0.00505256352770065	0.0590735268276836	0.0389814945106024	0.347951269263526	0.0955110845513377	0.0234472891141075	0.108994955783145
"HKB0106_3000_N"	0.0138900443569197	9.83944717143491e-15	0.114991208023897	0.308186789714459	0.0724462741209457	9.83944717143491e-15	0.0626255058287369
"HKB0109_3000_N"	0.0189044875253154	0.0162001968865169	0.0108759187783859	0.358332624388717	0.0296181228647671	7.98696451674045e-15	0.0549966132465968
"HKB0115_3000_N"	0.0440189352082995	1.55529411667536e-05	0.0812449511373466	0.415848339212233	0.0328863209667063	0.0153346926503603	0.0305965043483164
"HKB0120_3002_N"	0.0763076263802851	0.0654849945265762	0.0719462084322266	0.218073846890171	0.16800238715595	0.0919394049982714	0.0214885302844578
"HKB0121_3000_N"	1.09384341269142e-14	4.16156613067353e-05	0.12264579030259	0.357955158831471	0.0339317232124552	1.09384341269142e-14	0.123998490261565
"HKB0122_3002_N"	1.63689236179269e-14	2.33576141585173e-06	0.0972814039736201	0.297956154866091	0.0497567708635596	0.0643621285587243	0.0317237349312972
"HKB0123_3000_N"	8.64557375014767e-15	8.64557375014767e-15	0.0616932946864519	0.34778206919989	0.00899121518318656	0.000252986636450157	0.0284689797860348
"HKB0124_3000_N"	9.9817954184517e-15	9.9817954184517e-15	0.0894253749317831	0.320055372734296	0.0296853474702403	9.9817954184517e-15	0.0327471619661182
"HKB0127_3000_N"	0.0114841218652796	0.00112521989986426	0.016378242700421	0.0470661204224734	0.138453776820464	0.0786111043966191	0.0690859766979506
"HKB0129_3002_N"	1.02191501835153e-14	0.00161708419962676	0.0765154939128206	0.339403583209397	0.00608079469729668	0.0152013377640767	0.0969059108058005
"HKB0132_3000_N"	7.85020944210714e-15	0.00182457819759978	0.055847411029085	0.254860400580885	0.00968872005611751	0.0106065975000233	0.128819171076189
"HKB0133_3000_N"	1.14503373249412e-14	0.0186007858567528	0.0256613537452551	0.324781521095604	0.0785814588852786	0.0461883681387877	0.0113898169710646
"HKB0134_3000_N"	7.55552081643249e-05	0.00113739150091731	1.40386571829836e-14	0.000295153808456414	1.19352656035862e-05	1.40386571829836e-14	0.0207075344796527
"HKB0137_3000_N"	1.9763176503974e-14	0.0834036390178865	0.0388187163664883	0.279184570486596	0.143212798132042	0.0183002239828132	0.0198772154424698
"HKB0141_3000_N"	1.59947622314769e-14	0.0119569005106306	0.0231820661770814	0.0820334133279454	0.095142531971613	0.0127761219530903	0.0237760864331905
"HKB0143_3000_N"	1.21580825056269e-14	0.0176235851037454	0.216532992618734	0.286875729080292	0.0649612587370303	0.0344826129721319	0.144663899405403
"HKB0149_3000_N"	0.0105139565564654	0.00626386971477723	0.0212188012935446	0.0796420962205768	0.274424875507642	0.00271761852201001	1.66098343566532e-14
"HKB0150_3000_N"	0.0310104371188323	0.0130518793213807	1.87289759411302e-14	0.36910819918892	0.0629486291935371	0.0887300549438413	0.0301878311250517
"HKB0155_3003_N"	1.03037704590308e-14	1.03037704590308e-14	0.0783314102011862	0.255940418776111	0.0481558457599416	1.03037704590308e-14	0.0311358049710443
"HKB0157_3000_N"	1.06597176386075e-14	1.06597176386075e-14	0.147806869944396	0.280137461872144	0.0453685439892847	1.06597176386075e-14	0.0427669002580916
"HKB0158_3000_N"	0.0410482922256207	0.0196420876686964	0.0829646204998133	0.351909431613397	0.100641493894887	3.98814492043816e-10	0.0365971653618998
"HKB0159_3000_N"	0.00707033172217409	0.0172463517006693	0.0980286802815735	0.271860427171048	0.0649690320486529	0.152821571546915	0.0945874737363946
"HKB0160_3001_N"	8.31822454566822e-15	8.31822454566822e-15	0.118943849330365	0.304411362154217	0.0784376198765536	0.0105680828553669	0.0321739567166588
"HKB0161_3000_N"	1.0680991258978e-14	0.000253010004049501	0.101823074258019	0.325269545842425	0.0413694412505521	0.0120589443226177	0.0165813400705122
"HKB0162_3000_N"	0.0356460694712822	0.0102831786052237	0.0336730615546304	0.391940913648074	0.0780649603299117	0.0754120401462702	0.0202294618984025
"HKB0164_3000_N"	1.47748681296148e-14	1.47748681296148e-14	0.00991521438027359	0.0776363758131492	0.123299429346511	0.211509595993354	0.0694861606517594
"HKB0167_3000_N"	0.11692520311878	0.129502052382833	0.0499386940413459	0.225361630037552	0.0470540142578752	0.102550441064099	0.0486709237951018
"HKB0168_3000_N"	0.00121750820094236	0.0660826091165718	0.023071052944771	0.0377755368180108	0.15174600746674	0.137344160162351	0.123357077600762
"HKB0179_3000_N"	0.0042211853323825	0.0867643593280442	0.0550997761234686	0.361335880011965	0.15789957859099	0.0942671341550626	0.0562873811247401
"HKB0186_3002_N"	0.0213098820912699	0.0854106183624044	0.0346117989891791	0.194020561499559	0.17948239402247	0.125847365210017	0.150453354733741
"HKB0194_3000_N"	0.0435389760523255	0.0946981442611728	0.0507750045447122	0.0791381375632042	0.216582681245314	0.0499386776591171	0.0348536650040577
"HKB0196_3000_N"	0.0510253388143462	0.057483019877544	0.0855395405123957	0.344083782384845	0.111431595994224	0.0998509013468725	0.079479643262094
"HKB0198_3000_N"	0.0419524225960027	0.0657196424006231	0.0756960012645966	0.216447705529222	0.0613272843821561	0.157697377105114	1.07653594059392e-14
"HKB0207_3000_N"	1.12358932214269e-14	0.00676552385154444	0.077161973725041	0.314819310707894	0.0574139166452262	0.00773327620436221	0.0391337151558468
"HKB0210_3000_N"	0.00961783630966992	8.05009903337062e-15	0.0263285993752454	0.184681921762758	0.23261291149111	0.0624316752435198	0.050678410927099
"HKB0211_3000_N"	0.0973439507705213	0.0902857913984541	0.0406559821832777	0.384188553707205	0.042976513006073	0.0128802134558783	0.0606244543213944
"HKB0214_3000_N"	1.15535728728984e-14	0.0639305926584206	0.0817513521591402	0.129729918307744	0.248466980203075	0.136991290204803	1.15535728728984e-14
"HKB0216_3000_N"	0.211772117704937	1.02759092405705e-14	0.0222719319032962	1.02759092405705e-14	0.0223842817522667	0.0516072776983359	2.13400778378146e-10
"HKB0219_3000_N"	0.0750007497182727	0.064861265416276	0.0462236260560156	0.218958691660987	0.0981499079812197	0.0560077196001684	0.0102984013299355
"HKB0220_3003_N"	0.0534670362104372	0.0718520997909881	0.0895602359830631	0.322082217830582	0.0216575689369967	0.021993430912407	0.0228890651400467
"HKB0221_3000_N"	9.90419878895044e-15	0.0727981521666101	0.104889470875684	0.276407047986042	0.12253120217436	0.0371866958852339	0.0360321934477208
"HKB0222_3000_N"	0.0674344850760038	0.0233816431443472	0.0863239118078483	0.216745860088015	0.0809580357327753	0.125091694919942	0.0971397569394947
"HKB0225_3000_N"	0.0172357995526656	0.102994303523613	0.0345776005595138	0.114872771199081	0.0926118033972181	0.157208246743151	0.103168496610213
"HKB0226_3000_N"	1.1073031558121e-14	0.00439423372165828	0.123799209624223	0.294926141315467	0.0191370932275023	0.0082585960840996	0.0351820279010865
"HKB0227_3000_N"	1.14681856498395e-14	0.0134047153927506	0.0408972891522874	0.39823885046762	0.0709697634025212	0.0856785139226446	0.0604887907524284
"HKB0233_3000_N"	6.17699339118106e-15	0.00408009350126798	6.17699339118106e-15	0.0311182248059457	0.0591611881376614	0.0400035567065888	0.0423944492417444
"HKB0538_3000_N"	1.18228638434669e-14	0.166113660828219	2.09345237460616e-08	0.146926873120538	0.0552836356165642	0.191770506189173	0.119681769084888
"HKB0562_3000_N"	0.0208304941859976	0.0210921234540406	0.0166361920265443	0.0596572987502329	0.197204136900729	0.186035485832997	0.0998175032443586
"HKB0571_3000_N"	0.0197440973618585	0.0342666582079928	0.0795904782639181	0.353271421785972	0.0817909946728588	0.0516554971773755	0.104724194423929
"HKB0574_3000_N"	0.0290788591415785	0.014907814940417	0.103921896804334	0.336698575184404	0.0520112510393029	0.0384014591519017	0.0655899533693101
"HKB0577_3000_N"	0.00336003637827531	0.00877622710594556	0.0485911613470534	0.325144463319223	0.0618776761308868	0.054178169043596	0.11093923718407
"HKB0583_3000_N"	1.07816939639092e-14	1.07816939639092e-14	0.0597914198776269	0.350550092969958	0.0540540371517278	0.0180816648481792	0.0566703604449602
"HKB0597_3000_N"	0.011321237421492	0.00974628060591808	0.0706794269839164	0.368857184596926	0.0308859368771329	0.0281439995950767	0.0811966197479352
"HKB0618_3000_N"	0.0160732224500548	1.06373638178133e-14	0.071919033819474	0.483434407876234	0.0163984575329151	0.0361852520074313	0.0330132953810985
"HKB0636_3000_N"	0.0241299044822029	0.0650445063003018	0.0677225320539842	0.13594283592136	0.0147329447120886	0.145920092468463	0.0997865531496489
"HKB0648_3000_N"	0.0244281722345216	0.132032349511709	0.0279706481903996	0.244686725934591	0.108370502511267	0.0373845200634632	0.0226037130449463
"HKB0651_3000_N"	0.0297202199929404	0.241326120012175	0.00532200602082606	0.136566887790135	0.102277319401582	0.0387245689538655	0.12018961503784
"HKB0657_3000_N"	0.0192021632266516	0.0462613182044722	0.0606741938430123	0.271388613513429	0.260872417392375	0.0404949954064804	0.0474097365120801
"HKB0663_3000_N"	1.48633471843675e-14	0.00248543248201403	0.0198771035923414	0.378489236153457	0.0699956758484776	0.0127265631918256	0.0381567679617724
"HKB0666_3000_N"	1.24969253318904e-14	1.24969253318904e-14	0.125335894857895	0.361076388606255	0.0225860315427116	0.00260772458352969	0.0603327070076686
"HKB0672_3000_N"	0.0789600857238882	0.0803873458510571	0.0239349930019509	0.2819636730999	0.0651654572141167	0.0327250462387848	0.00680768828901609
"HKB0710_3001_N"	0.0531316150954314	0.0272375966743729	0.116115893719842	0.235807687411474	0.0619586326786679	0.121130364932595	0.106787835233603
"HKB0718_3001_N"	0.0664959892889038	0.119074280936999	0.0332842846107634	0.332169897523988	0.0642481955600512	0.112196245051487	0.0654524979095435
"HKB0719_3001_N"	7.34763143528821e-05	9.17007468107097e-15	0.0788040834843929	0.308802777857869	0.0779368748684305	0.0111785815060533	0.0659182787980332
"HKB0722_3001_N"	0.00708393055251758	0.044876534405133	0.0246427525483697	0.18907474554987	0.162153321443465	0.112929323405063	0.14847586649411
"HKB0744_3001_N"	0.00671384559644614	1.00884690328031e-14	0.0639403388199516	0.225640249160775	0.0549827526580477	0.0292409399247917	0.00804140690781062
"HKB0748_3001_N"	0.0317990499489047	0.00431498515063401	0.196699903275141	0.238368024672201	0.122465181067657	0.0749888237353687	0.048602353590625
"HKB0751_3001_N"	1.37683346245657e-14	1.37683346245657e-14	0.0899037385530022	0.327834140566169	0.080832406369998	0.0958557346934251	0.000806705323670048
"HKB0752_3001_N"	0.0554047576869312	0.0416387256535834	0.0447514908883989	0.250187455535366	0.180973968968695	0.0927270828539662	0.0665488214146721
